-255 0
-254 0
-253 0
-252 0
-251 0
-250 0
-249 0
-248 0
-247 0
-246 0
-245 0
-244 0
-243 0
-242 0
-241 0
-240 0
-239 0
-238 0
-237 0
-236 0
-235 0
-234 0
-233 0
-232 0
-231 0
-230 0
-229 0
-228 0
-227 0
-226 0
-225 0
-224 0
-223 0
-222 0
-221 0
-220 0
-219 0
-218 0
-217 0
-216 0
-215 0
-214 0
-213 0
-212 0
-211 0
-210 0
-209 0
-208 0
-207 0
-206 0
-205 0
-204 0
-203 0
-202 0
-201 0
-200 0
-199 0
-198 0
-197 0
-196 0
-195 0
-194 0
-193 0
-192 0
-191 0
-190 0
-189 0
-188 0
-187 0
-186 0
-185 0
-184 0
-183 0
-182 0
-181 0
-180 0
-179 0
-178 0
-177 0
-176 0
-175 0
-174 0
-173 0
-172 0
-171 0
-170 0
-169 0
-168 0
-167 0
-166 0
-165 0
-164 0
-163 0
-162 0
-161 0
-160 0
-159 0
-158 1
-157 0
-156 0
-155 0
-154 0
-153 0
-152 0
-151 0
-150 0
-149 0
-148 0
-147 0
-146 0
-145 0
-144 0
-143 0
-142 0
-141 4
-140 0
-139 1
-138 1
-137 0
-136 1
-135 0
-134 0
-133 0
-132 2
-131 0
-130 1
-129 1
-128 2
-127 2
-126 1
-125 1
-124 3
-123 2
-122 0
-121 3
-120 0
-119 2
-118 1
-117 0
-116 0
-115 0
-114 1
-113 0
-112 5
-111 2
-110 1
-109 1
-108 4
-107 1
-106 2
-105 1
-104 1
-103 4
-102 3
-101 0
-100 1
-99 0
-98 0
-97 3
-96 1
-95 1
-94 1
-93 2
-92 6
-91 4
-90 4
-89 2
-88 2
-87 3
-86 3
-85 7
-84 3
-83 6
-82 2
-81 5
-80 5
-79 6
-78 8
-77 5
-76 3
-75 5
-74 8
-73 1
-72 6
-71 8
-70 13
-69 18
-68 12
-67 14
-66 18
-65 19
-64 12
-63 10
-62 14
-61 26
-60 20
-59 19
-58 26
-57 24
-56 19
-55 16
-54 35
-53 31
-52 27
-51 25
-50 26
-49 31
-48 23
-47 44
-46 53
-45 44
-44 50
-43 49
-42 58
-41 69
-40 70
-39 95
-38 96
-37 104
-36 116
-35 143
-34 155
-33 169
-32 250
-31 285
-30 324
-29 340
-28 397
-27 342
-26 377
-25 395
-24 513
-23 496
-22 686
-21 819
-20 924
-19 997
-18 1058
-17 1132
-16 1254
-15 1432
-14 1651
-13 1901
-12 2166
-11 2525
-10 2969
-9 3662
-8 4765
-7 5709
-6 7189
-5 9565
-4 13251
-3 19378
-2 28884
-1 39013
0 50633
1 44222
2 33911
3 23558
4 16048
5 11312
6 9115
7 6942
8 5427
9 4356
10 3701
11 3074
12 2662
13 2383
14 1998
15 1783
16 1647
17 1340
18 1212
19 1051
20 929
21 818
22 682
23 647
24 541
25 495
26 395
27 330
28 329
29 297
30 232
31 233
32 185
33 155
34 163
35 131
36 108
37 94
38 110
39 88
40 95
41 67
42 77
43 71
44 66
45 64
46 44
47 49
48 44
49 38
50 43
51 23
52 33
53 40
54 42
55 26
56 27
57 22
58 23
59 18
60 18
61 23
62 17
63 18
64 17
65 16
66 29
67 641
68 107
69 32
70 17
71 14
72 9
73 4
74 9
75 5
76 7
77 7
78 6
79 8
80 6
81 5
82 4
83 3
84 6
85 2
86 0
87 7
88 2
89 4
90 2
91 2
92 1
93 2
94 1
95 3
96 1
97 0
98 2
99 5
100 0
101 2
102 0
103 0
104 0
105 1
106 1
107 1
108 2
109 0
110 1
111 1
112 0
113 0
114 0
115 0
116 0
117 0
118 1
119 0
120 0
121 0
122 1
123 2
124 1
125 0
126 0
127 0
128 0
129 0
130 0
131 0
132 0
133 0
134 0
135 0
136 1
137 1
138 0
139 0
140 1
141 0
142 0
143 0
144 0
145 0
146 0
147 0
148 0
149 0
150 0
151 0
152 0
153 0
154 0
155 0
156 0
157 0
158 0
159 0
160 0
161 1
162 0
163 0
164 0
165 0
166 0
167 0
168 0
169 0
170 0
171 0
172 0
173 0
174 0
175 0
176 0
177 0
178 0
179 0
180 0
181 0
182 0
183 0
184 0
185 0
186 0
187 0
188 0
189 0
190 0
191 0
192 0
193 0
194 0
195 0
196 0
197 0
198 0
199 0
200 0
201 0
202 0
203 0
204 0
205 0
206 0
207 0
208 0
209 0
210 0
211 0
212 0
213 0
214 0
215 0
216 0
217 0
218 0
219 0
220 0
221 0
222 0
223 0
224 0
225 0
226 0
227 0
228 0
229 0
230 0
231 0
232 0
233 0
234 0
235 0
236 0
237 0
238 0
239 0
240 0
241 0
242 0
243 0
244 0
245 0
246 0
247 0
248 0
249 0
250 0
251 0
252 0
253 0
254 0
255 0
