-255 0
-254 0
-253 0
-252 0
-251 0
-250 0
-249 0
-248 0
-247 0
-246 0
-245 0
-244 0
-243 0
-242 0
-241 0
-240 0
-239 0
-238 0
-237 0
-236 0
-235 0
-234 0
-233 0
-232 0
-231 0
-230 0
-229 0
-228 0
-227 0
-226 0
-225 0
-224 0
-223 0
-222 0
-221 0
-220 0
-219 0
-218 0
-217 0
-216 0
-215 0
-214 0
-213 1
-212 0
-211 1
-210 0
-209 0
-208 0
-207 0
-206 0
-205 0
-204 0
-203 1
-202 0
-201 3
-200 0
-199 0
-198 2
-197 0
-196 2
-195 1
-194 1
-193 0
-192 0
-191 0
-190 0
-189 0
-188 1
-187 2
-186 1
-185 1
-184 0
-183 1
-182 1
-181 0
-180 1
-179 0
-178 1
-177 2
-176 1
-175 0
-174 0
-173 0
-172 3
-171 2
-170 0
-169 1
-168 0
-167 1
-166 2
-165 0
-164 0
-163 1
-162 0
-161 1
-160 1
-159 0
-158 1
-157 2
-156 2
-155 3
-154 3
-153 4
-152 1
-151 2
-150 5
-149 0
-148 1
-147 2
-146 2
-145 0
-144 1
-143 3
-142 0
-141 2
-140 2
-139 0
-138 1
-137 4
-136 2
-135 2
-134 1
-133 1
-132 1
-131 1
-130 2
-129 4
-128 4
-127 1
-126 4
-125 2
-124 3
-123 5
-122 2
-121 5
-120 2
-119 6
-118 4
-117 3
-116 0
-115 1
-114 2
-113 6
-112 4
-111 4
-110 5
-109 10
-108 6
-107 6
-106 12
-105 6
-104 6
-103 5
-102 9
-101 9
-100 14
-99 8
-98 12
-97 6
-96 5
-95 14
-94 12
-93 13
-92 13
-91 23
-90 14
-89 16
-88 17
-87 15
-86 21
-85 10
-84 7
-83 21
-82 19
-81 12
-80 28
-79 23
-78 23
-77 22
-76 32
-75 25
-74 23
-73 27
-72 36
-71 24
-70 37
-69 41
-68 46
-67 43
-66 35
-65 40
-64 52
-63 48
-62 57
-61 64
-60 66
-59 56
-58 61
-57 65
-56 79
-55 79
-54 80
-53 96
-52 80
-51 97
-50 106
-49 153
-48 124
-47 110
-46 153
-45 167
-44 157
-43 157
-42 201
-41 231
-40 247
-39 257
-38 288
-37 272
-36 276
-35 331
-34 417
-33 348
-32 402
-31 439
-30 502
-29 453
-28 510
-27 631
-26 661
-25 658
-24 726
-23 936
-22 978
-21 1031
-20 1091
-19 1556
-18 1488
-17 1562
-16 1812
-15 2215
-14 2105
-13 2295
-12 2906
-11 3597
-10 3782
-9 4207
-8 5784
-7 7274
-6 8554
-5 10611
-4 17048
-3 23829
-2 25962
-1 31280
0 47080
1 29519
2 24428
3 22231
4 15729
5 10464
6 8677
7 7848
8 6263
9 4701
10 4240
11 4226
12 3409
13 2706
14 2589
15 2492
16 2005
17 1666
18 1643
19 1511
20 1278
21 1034
22 1127
23 985
24 817
25 712
26 768
27 664
28 535
29 540
30 510
31 448
32 393
33 328
34 338
35 343
36 262
37 259
38 282
39 225
40 177
41 204
42 177
43 149
44 125
45 142
46 152
47 93
48 116
49 112
50 100
51 81
52 68
53 80
54 54
55 68
56 71
57 52
58 57
59 42
60 48
61 44
62 57
63 41
64 33
65 36
66 42
67 36
68 23
69 30
70 18
71 21
72 17
73 27
74 25
75 27
76 16
77 14
78 15
79 21
80 20
81 12
82 18
83 12
84 11
85 10
86 8
87 9
88 6
89 11
90 14
91 9
92 11
93 12
94 10
95 4
96 9
97 11
98 10
99 28
100 726
101 5
102 9
103 24
104 4
105 15
106 3
107 1
108 3
109 6
110 5
111 2
112 2
113 2
114 2
115 2
116 3
117 1
118 4
119 1
120 1
121 0
122 1
123 3
124 2
125 1
126 2
127 2
128 4
129 0
130 0
131 0
132 2
133 2
134 0
135 1
136 2
137 0
138 1
139 0
140 0
141 0
142 1
143 0
144 1
145 2
146 0
147 0
148 2
149 0
150 0
151 2
152 0
153 0
154 0
155 0
156 1
157 0
158 0
159 0
160 0
161 0
162 0
163 0
164 0
165 0
166 0
167 0
168 0
169 1
170 0
171 0
172 1
173 0
174 0
175 1
176 0
177 0
178 0
179 0
180 0
181 0
182 0
183 0
184 0
185 0
186 0
187 0
188 0
189 0
190 0
191 0
192 0
193 0
194 0
195 0
196 0
197 0
198 0
199 0
200 0
201 0
202 0
203 0
204 0
205 0
206 0
207 0
208 0
209 0
210 0
211 0
212 0
213 0
214 0
215 0
216 0
217 0
218 0
219 0
220 0
221 0
222 0
223 0
224 0
225 0
226 0
227 0
228 0
229 0
230 0
231 0
232 0
233 0
234 0
235 0
236 0
237 0
238 0
239 0
240 0
241 0
242 0
243 0
244 0
245 0
246 0
247 0
248 0
249 0
250 0
251 0
252 0
253 0
254 0
255 0
