-255 0
-254 0
-253 0
-252 0
-251 0
-250 0
-249 0
-248 0
-247 0
-246 0
-245 0
-244 0
-243 0
-242 0
-241 0
-240 0
-239 0
-238 0
-237 0
-236 0
-235 0
-234 0
-233 0
-232 0
-231 0
-230 0
-229 0
-228 0
-227 0
-226 0
-225 0
-224 0
-223 0
-222 0
-221 0
-220 0
-219 0
-218 0
-217 0
-216 0
-215 0
-214 0
-213 0
-212 0
-211 0
-210 0
-209 0
-208 0
-207 0
-206 0
-205 0
-204 0
-203 0
-202 0
-201 0
-200 0
-199 0
-198 0
-197 0
-196 0
-195 0
-194 0
-193 0
-192 0
-191 0
-190 0
-189 0
-188 0
-187 0
-186 0
-185 0
-184 0
-183 0
-182 0
-181 0
-180 0
-179 0
-178 0
-177 0
-176 0
-175 0
-174 0
-173 0
-172 0
-171 0
-170 0
-169 0
-168 0
-167 0
-166 0
-165 0
-164 0
-163 0
-162 0
-161 0
-160 0
-159 0
-158 0
-157 0
-156 0
-155 0
-154 0
-153 0
-152 0
-151 0
-150 0
-149 1
-148 0
-147 1
-146 0
-145 0
-144 1
-143 1
-142 1
-141 1
-140 1
-139 0
-138 0
-137 1
-136 1
-135 1
-134 0
-133 0
-132 0
-131 1
-130 2
-129 0
-128 0
-127 2
-126 1
-125 1
-124 1
-123 0
-122 1
-121 2
-120 2
-119 2
-118 1
-117 1
-116 1
-115 0
-114 1
-113 0
-112 1
-111 0
-110 1
-109 3
-108 5
-107 3
-106 4
-105 2
-104 5
-103 5
-102 3
-101 5
-100 2
-99 3
-98 7
-97 1
-96 8
-95 6
-94 8
-93 14
-92 6
-91 9
-90 10
-89 11
-88 9
-87 5
-86 16
-85 8
-84 11
-83 16
-82 9
-81 12
-80 11
-79 12
-78 12
-77 11
-76 18
-75 20
-74 20
-73 23
-72 19
-71 27
-70 23
-69 26
-68 27
-67 36
-66 33
-65 33
-64 26
-63 33
-62 43
-61 41
-60 46
-59 40
-58 43
-57 55
-56 50
-55 65
-54 71
-53 81
-52 79
-51 96
-50 81
-49 94
-48 104
-47 78
-46 94
-45 84
-44 89
-43 120
-42 121
-41 134
-40 131
-39 143
-38 152
-37 140
-36 188
-35 186
-34 223
-33 254
-32 236
-31 271
-30 274
-29 313
-28 355
-27 402
-26 438
-25 473
-24 547
-23 660
-22 656
-21 776
-20 824
-19 1187
-18 1010
-17 1202
-16 1270
-15 1511
-14 1799
-13 1962
-12 2374
-11 2983
-10 3616
-9 4092
-8 5538
-7 6700
-6 9518
-5 12085
-4 16610
-3 25504
-2 29742
-1 31630
0 54782
1 30643
2 28007
3 23692
4 15579
5 11509
6 9221
7 6855
8 5561
9 4483
10 3738
11 3223
12 2687
13 2285
14 2087
15 1740
16 1627
17 1372
18 1243
19 1122
20 1015
21 787
22 737
23 758
24 827
25 496
26 440
27 381
28 384
29 342
30 327
31 246
32 228
33 221
34 254
35 178
36 191
37 128
38 135
39 127
40 107
41 123
42 124
43 95
44 90
45 86
46 74
47 90
48 65
49 60
50 59
51 52
52 51
53 51
54 50
55 43
56 40
57 41
58 32
59 33
60 26
61 28
62 28
63 24
64 30
65 25
66 23
67 20
68 24
69 14
70 24
71 12
72 18
73 17
74 22
75 13
76 15
77 13
78 10
79 9
80 13
81 10
82 10
83 16
84 5
85 6
86 6
87 11
88 6
89 10
90 4
91 8
92 3
93 3
94 1
95 3
96 2
97 1
98 2
99 4
100 5
101 4
102 2
103 5
104 6
105 3
106 2
107 2
108 2
109 1
110 4
111 1
112 1
113 4
114 1
115 1
116 2
117 1
118 1
119 3
120 1
121 1
122 1
123 0
124 0
125 1
126 1
127 0
128 0
129 0
130 3
131 0
132 0
133 0
134 1
135 0
136 1
137 1
138 0
139 0
140 0
141 0
142 0
143 0
144 0
145 0
146 0
147 0
148 0
149 0
150 0
151 0
152 0
153 0
154 0
155 0
156 0
157 0
158 0
159 0
160 0
161 1
162 0
163 0
164 0
165 0
166 0
167 0
168 0
169 0
170 0
171 0
172 0
173 0
174 0
175 0
176 0
177 0
178 0
179 0
180 0
181 0
182 0
183 0
184 0
185 0
186 0
187 0
188 0
189 0
190 0
191 0
192 0
193 0
194 0
195 0
196 0
197 0
198 0
199 0
200 0
201 0
202 0
203 0
204 0
205 0
206 0
207 0
208 0
209 0
210 0
211 0
212 0
213 0
214 0
215 0
216 0
217 0
218 0
219 0
220 0
221 0
222 0
223 0
224 0
225 0
226 0
227 0
228 0
229 0
230 0
231 0
232 0
233 0
234 0
235 0
236 0
237 0
238 0
239 0
240 0
241 0
242 0
243 0
244 0
245 0
246 0
247 0
248 0
249 0
250 0
251 0
252 0
253 0
254 0
255 0
