-255 0
-254 0
-253 0
-252 0
-251 0
-250 0
-249 0
-248 0
-247 0
-246 0
-245 0
-244 0
-243 0
-242 0
-241 0
-240 0
-239 0
-238 0
-237 0
-236 0
-235 0
-234 0
-233 0
-232 0
-231 0
-230 0
-229 0
-228 0
-227 0
-226 0
-225 0
-224 0
-223 0
-222 0
-221 0
-220 0
-219 0
-218 0
-217 0
-216 0
-215 0
-214 0
-213 0
-212 0
-211 0
-210 0
-209 0
-208 0
-207 0
-206 0
-205 0
-204 0
-203 0
-202 0
-201 0
-200 0
-199 0
-198 0
-197 0
-196 0
-195 0
-194 0
-193 0
-192 0
-191 0
-190 0
-189 0
-188 0
-187 0
-186 0
-185 0
-184 0
-183 0
-182 0
-181 1
-180 0
-179 0
-178 0
-177 0
-176 0
-175 0
-174 0
-173 0
-172 0
-171 0
-170 0
-169 0
-168 0
-167 0
-166 0
-165 0
-164 0
-163 0
-162 0
-161 1
-160 0
-159 0
-158 2
-157 0
-156 0
-155 0
-154 0
-153 0
-152 0
-151 0
-150 0
-149 0
-148 0
-147 0
-146 1
-145 0
-144 0
-143 0
-142 0
-141 0
-140 1
-139 0
-138 0
-137 0
-136 0
-135 0
-134 0
-133 1
-132 1
-131 2
-130 2
-129 0
-128 0
-127 3
-126 0
-125 1
-124 0
-123 1
-122 1
-121 0
-120 1
-119 1
-118 1
-117 0
-116 2
-115 1
-114 2
-113 2
-112 4
-111 1
-110 3
-109 2
-108 3
-107 4
-106 3
-105 4
-104 4
-103 5
-102 6
-101 4
-100 5
-99 6
-98 4
-97 4
-96 7
-95 3
-94 8
-93 5
-92 1
-91 5
-90 11
-89 12
-88 3
-87 6
-86 5
-85 5
-84 7
-83 8
-82 8
-81 4
-80 8
-79 11
-78 8
-77 17
-76 14
-75 9
-74 19
-73 15
-72 14
-71 12
-70 13
-69 21
-68 12
-67 19
-66 20
-65 28
-64 21
-63 19
-62 21
-61 18
-60 28
-59 27
-58 35
-57 35
-56 36
-55 37
-54 34
-53 50
-52 43
-51 35
-50 40
-49 66
-48 59
-47 59
-46 71
-45 55
-44 71
-43 85
-42 94
-41 80
-40 100
-39 112
-38 121
-37 113
-36 120
-35 124
-34 153
-33 233
-32 286
-31 306
-30 304
-29 297
-28 320
-27 379
-26 348
-25 419
-24 455
-23 591
-22 616
-21 662
-20 751
-19 874
-18 914
-17 951
-16 1105
-15 1471
-14 1522
-13 1934
-12 2243
-11 2861
-10 2987
-9 3703
-8 4873
-7 6049
-6 7493
-5 9823
-4 16385
-3 23288
-2 31156
-1 36457
0 63560
1 35630
2 30771
3 22922
4 16193
5 10223
6 7334
7 6300
8 4687
9 4028
10 3260
11 2778
12 2194
13 1976
14 1723
15 1559
16 1213
17 1150
18 977
19 970
20 803
21 654
22 593
23 566
24 502
25 426
26 391
27 340
28 348
29 308
30 285
31 216
32 203
33 174
34 159
35 149
36 120
37 106
38 118
39 114
40 85
41 85
42 89
43 72
44 69
45 58
46 53
47 56
48 42
49 41
50 44
51 37
52 47
53 42
54 24
55 29
56 24
57 29
58 19
59 22
60 29
61 24
62 15
63 18
64 24
65 13
66 11
67 21
68 22
69 9
70 19
71 11
72 21
73 11
74 11
75 12
76 13
77 5
78 5
79 8
80 16
81 11
82 8
83 3
84 11
85 2
86 8
87 8
88 7
89 7
90 6
91 8
92 6
93 9
94 6
95 2
96 4
97 3
98 2
99 2
100 4
101 3
102 5
103 4
104 3
105 2
106 5
107 0
108 1
109 2
110 2
111 1
112 1
113 1
114 1
115 3
116 0
117 1
118 2
119 1
120 2
121 3
122 1
123 2
124 1
125 2
126 1
127 2
128 1
129 2
130 1
131 1
132 1
133 2
134 0
135 0
136 0
137 0
138 0
139 0
140 0
141 1
142 0
143 0
144 0
145 0
146 0
147 0
148 0
149 0
150 0
151 0
152 0
153 0
154 0
155 1
156 1
157 0
158 0
159 0
160 0
161 0
162 0
163 0
164 0
165 1
166 0
167 0
168 1
169 0
170 1
171 0
172 0
173 0
174 0
175 0
176 0
177 0
178 0
179 0
180 0
181 0
182 0
183 0
184 0
185 0
186 0
187 0
188 0
189 0
190 0
191 0
192 0
193 0
194 0
195 0
196 0
197 0
198 0
199 0
200 0
201 0
202 0
203 0
204 0
205 0
206 0
207 0
208 0
209 0
210 0
211 0
212 0
213 0
214 0
215 0
216 0
217 0
218 0
219 0
220 0
221 0
222 0
223 0
224 0
225 0
226 0
227 0
228 0
229 0
230 0
231 0
232 0
233 0
234 0
235 0
236 0
237 0
238 0
239 0
240 0
241 0
242 0
243 0
244 0
245 0
246 0
247 0
248 0
249 0
250 0
251 0
252 0
253 0
254 0
255 0
