-255 2
-254 0
-253 0
-252 0
-251 0
-250 0
-249 0
-248 0
-247 0
-246 0
-245 0
-244 0
-243 0
-242 0
-241 0
-240 0
-239 0
-238 0
-237 0
-236 0
-235 0
-234 0
-233 0
-232 0
-231 0
-230 0
-229 0
-228 0
-227 0
-226 0
-225 0
-224 0
-223 0
-222 0
-221 0
-220 0
-219 0
-218 0
-217 0
-216 0
-215 1
-214 0
-213 0
-212 0
-211 0
-210 0
-209 0
-208 0
-207 0
-206 0
-205 0
-204 0
-203 0
-202 0
-201 0
-200 0
-199 0
-198 0
-197 0
-196 0
-195 0
-194 0
-193 0
-192 0
-191 0
-190 0
-189 0
-188 0
-187 0
-186 0
-185 0
-184 0
-183 0
-182 0
-181 1
-180 0
-179 1
-178 0
-177 0
-176 0
-175 2
-174 0
-173 0
-172 0
-171 0
-170 1
-169 0
-168 1
-167 1
-166 1
-165 0
-164 1
-163 0
-162 0
-161 1
-160 2
-159 0
-158 1
-157 1
-156 0
-155 1
-154 1
-153 2
-152 1
-151 1
-150 1
-149 1
-148 2
-147 0
-146 1
-145 0
-144 0
-143 1
-142 1
-141 3
-140 1
-139 0
-138 1
-137 1
-136 0
-135 1
-134 2
-133 1
-132 1
-131 3
-130 1
-129 3
-128 1
-127 1
-126 1
-125 0
-124 3
-123 0
-122 0
-121 1
-120 4
-119 3
-118 1
-117 1
-116 1
-115 1
-114 1
-113 1
-112 1
-111 2
-110 2
-109 1
-108 3
-107 4
-106 0
-105 1
-104 4
-103 0
-102 4
-101 7
-100 2
-99 1
-98 1
-97 2
-96 3
-95 8
-94 0
-93 7
-92 6
-91 5
-90 6
-89 7
-88 4
-87 9
-86 6
-85 6
-84 7
-83 5
-82 8
-81 12
-80 14
-79 14
-78 12
-77 20
-76 15
-75 16
-74 14
-73 24
-72 16
-71 25
-70 24
-69 30
-68 31
-67 36
-66 30
-65 39
-64 49
-63 45
-62 53
-61 45
-60 41
-59 50
-58 62
-57 53
-56 54
-55 70
-54 51
-53 73
-52 78
-51 75
-50 71
-49 96
-48 72
-47 98
-46 100
-45 107
-44 149
-43 150
-42 131
-41 145
-40 156
-39 174
-38 193
-37 176
-36 217
-35 213
-34 230
-33 296
-32 313
-31 346
-30 332
-29 416
-28 458
-27 485
-26 511
-25 584
-24 648
-23 684
-22 772
-21 814
-20 922
-19 1024
-18 1131
-17 1295
-16 1347
-15 1598
-14 1895
-13 2162
-12 3013
-11 3380
-10 3698
-9 4359
-8 5515
-7 6820
-6 9473
-5 11741
-4 16284
-3 25240
-2 29388
-1 30984
0 54486
1 29605
2 26631
3 22788
4 14966
5 10932
6 9055
7 6816
8 5605
9 4633
10 3775
11 3380
12 2696
13 2335
14 2175
15 1811
16 1586
17 1410
18 1169
19 1213
20 1005
21 935
22 820
23 705
24 688
25 575
26 559
27 518
28 503
29 500
30 481
31 465
32 400
33 357
34 389
35 311
36 267
37 213
38 219
39 206
40 167
41 155
42 140
43 164
44 135
45 111
46 124
47 89
48 82
49 95
50 69
51 67
52 67
53 76
54 68
55 51
56 55
57 37
58 35
59 32
60 30
61 27
62 39
63 23
64 27
65 26
66 14
67 14
68 14
69 12
70 17
71 9
72 14
73 11
74 6
75 5
76 10
77 9
78 3
79 8
80 11
81 5
82 3
83 5
84 4
85 5
86 6
87 2
88 2
89 3
90 1
91 2
92 2
93 1
94 1
95 3
96 1
97 8
98 0
99 22
100 622
101 98
102 1
103 22
104 4
105 1
106 1
107 0
108 2
109 1
110 1
111 0
112 2
113 0
114 0
115 1
116 1
117 0
118 0
119 0
120 1
121 0
122 1
123 0
124 1
125 0
126 1
127 0
128 0
129 0
130 0
131 0
132 0
133 1
134 0
135 1
136 0
137 0
138 0
139 0
140 0
141 0
142 0
143 0
144 0
145 0
146 0
147 0
148 0
149 0
150 0
151 0
152 0
153 0
154 0
155 0
156 0
157 0
158 0
159 0
160 0
161 0
162 0
163 0
164 0
165 0
166 0
167 0
168 0
169 0
170 0
171 0
172 0
173 0
174 0
175 0
176 0
177 0
178 0
179 0
180 0
181 0
182 0
183 0
184 0
185 0
186 0
187 0
188 0
189 0
190 0
191 0
192 0
193 0
194 0
195 0
196 0
197 0
198 0
199 0
200 0
201 0
202 0
203 0
204 0
205 0
206 0
207 0
208 0
209 0
210 0
211 0
212 0
213 0
214 0
215 0
216 0
217 0
218 0
219 0
220 0
221 0
222 0
223 0
224 0
225 0
226 0
227 0
228 0
229 0
230 0
231 0
232 0
233 0
234 0
235 0
236 0
237 0
238 0
239 0
240 0
241 0
242 0
243 0
244 0
245 0
246 0
247 0
248 0
249 0
250 0
251 0
252 0
253 0
254 0
255 0
