-255 0
-254 0
-253 0
-252 0
-251 0
-250 0
-249 0
-248 0
-247 0
-246 0
-245 0
-244 0
-243 0
-242 0
-241 0
-240 0
-239 0
-238 0
-237 0
-236 0
-235 0
-234 0
-233 0
-232 0
-231 0
-230 0
-229 0
-228 0
-227 0
-226 0
-225 0
-224 0
-223 0
-222 0
-221 0
-220 0
-219 0
-218 0
-217 0
-216 0
-215 0
-214 0
-213 0
-212 0
-211 0
-210 0
-209 0
-208 0
-207 0
-206 0
-205 0
-204 0
-203 0
-202 0
-201 0
-200 0
-199 0
-198 0
-197 0
-196 0
-195 0
-194 0
-193 0
-192 0
-191 0
-190 0
-189 0
-188 0
-187 0
-186 0
-185 0
-184 0
-183 0
-182 0
-181 0
-180 0
-179 0
-178 0
-177 0
-176 0
-175 0
-174 0
-173 0
-172 0
-171 0
-170 2
-169 0
-168 0
-167 0
-166 0
-165 0
-164 0
-163 0
-162 0
-161 0
-160 0
-159 0
-158 0
-157 0
-156 0
-155 0
-154 0
-153 0
-152 0
-151 0
-150 0
-149 0
-148 0
-147 0
-146 0
-145 0
-144 0
-143 0
-142 0
-141 0
-140 0
-139 0
-138 0
-137 0
-136 0
-135 0
-134 0
-133 0
-132 0
-131 1
-130 2
-129 2
-128 1
-127 1
-126 1
-125 1
-124 2
-123 1
-122 2
-121 1
-120 0
-119 0
-118 0
-117 2
-116 0
-115 0
-114 1
-113 2
-112 2
-111 3
-110 1
-109 0
-108 3
-107 3
-106 1
-105 0
-104 1
-103 0
-102 3
-101 1
-100 2
-99 3
-98 2
-97 2
-96 3
-95 4
-94 4
-93 1
-92 5
-91 4
-90 4
-89 7
-88 7
-87 6
-86 9
-85 11
-84 4
-83 7
-82 6
-81 10
-80 10
-79 12
-78 6
-77 7
-76 12
-75 8
-74 14
-73 10
-72 3
-71 9
-70 13
-69 17
-68 15
-67 19
-66 16
-65 22
-64 21
-63 27
-62 32
-61 27
-60 29
-59 24
-58 34
-57 39
-56 33
-55 46
-54 43
-53 42
-52 41
-51 57
-50 64
-49 73
-48 72
-47 75
-46 85
-45 87
-44 95
-43 93
-42 118
-41 121
-40 137
-39 161
-38 143
-37 161
-36 161
-35 222
-34 229
-33 264
-32 240
-31 273
-30 286
-29 347
-28 398
-27 417
-26 402
-25 501
-24 554
-23 656
-22 708
-21 706
-20 849
-19 968
-18 1129
-17 1272
-16 1478
-15 1660
-14 1911
-13 2112
-12 2815
-11 3036
-10 3535
-9 4152
-8 5803
-7 7210
-6 8907
-5 11633
-4 16189
-3 21422
-2 28279
-1 34644
0 41237
1 36400
2 29463
3 22963
4 16730
5 12342
6 9634
7 7390
8 5824
9 5018
10 4320
11 3739
12 3231
13 2735
14 2490
15 2206
16 2146
17 1696
18 1408
19 1328
20 1150
21 1056
22 988
23 874
24 776
25 652
26 558
27 470
28 428
29 406
30 369
31 304
32 265
33 253
34 218
35 204
36 187
37 157
38 150
39 133
40 123
41 126
42 110
43 103
44 93
45 56
46 96
47 62
48 40
49 59
50 53
51 53
52 55
53 32
54 47
55 38
56 39
57 30
58 23
59 18
60 26
61 27
62 25
63 15
64 25
65 15
66 41
67 637
68 105
69 36
70 17
71 14
72 9
73 12
74 7
75 9
76 6
77 6
78 6
79 3
80 4
81 4
82 9
83 2
84 2
85 4
86 4
87 1
88 0
89 3
90 2
91 3
92 2
93 2
94 1
95 2
96 1
97 0
98 1
99 1
100 1
101 0
102 2
103 0
104 1
105 2
106 0
107 0
108 0
109 1
110 1
111 1
112 0
113 0
114 0
115 0
116 0
117 0
118 0
119 0
120 0
121 1
122 0
123 0
124 1
125 0
126 0
127 0
128 0
129 1
130 0
131 0
132 0
133 0
134 0
135 0
136 0
137 0
138 0
139 0
140 0
141 0
142 0
143 0
144 0
145 0
146 0
147 0
148 0
149 0
150 0
151 0
152 0
153 0
154 0
155 0
156 0
157 0
158 0
159 0
160 0
161 0
162 0
163 0
164 0
165 0
166 0
167 0
168 0
169 0
170 0
171 0
172 0
173 0
174 0
175 0
176 0
177 0
178 0
179 0
180 0
181 0
182 0
183 0
184 0
185 0
186 0
187 0
188 0
189 0
190 0
191 0
192 0
193 0
194 0
195 0
196 0
197 0
198 0
199 0
200 0
201 0
202 0
203 0
204 0
205 0
206 0
207 0
208 0
209 0
210 0
211 0
212 0
213 0
214 0
215 0
216 0
217 0
218 0
219 0
220 0
221 0
222 0
223 0
224 0
225 0
226 0
227 0
228 0
229 0
230 0
231 0
232 0
233 0
234 0
235 0
236 0
237 0
238 0
239 0
240 0
241 0
242 0
243 0
244 0
245 0
246 0
247 0
248 0
249 0
250 0
251 0
252 0
253 0
254 0
255 0
