-255 0
-254 0
-253 0
-252 0
-251 0
-250 0
-249 0
-248 0
-247 0
-246 0
-245 0
-244 0
-243 0
-242 0
-241 0
-240 0
-239 0
-238 0
-237 0
-236 0
-235 0
-234 0
-233 0
-232 0
-231 0
-230 0
-229 0
-228 0
-227 0
-226 0
-225 0
-224 0
-223 0
-222 0
-221 0
-220 0
-219 0
-218 0
-217 0
-216 0
-215 0
-214 0
-213 0
-212 0
-211 0
-210 0
-209 0
-208 0
-207 0
-206 0
-205 0
-204 0
-203 0
-202 0
-201 0
-200 0
-199 0
-198 0
-197 0
-196 0
-195 0
-194 0
-193 0
-192 0
-191 0
-190 0
-189 0
-188 0
-187 0
-186 0
-185 0
-184 0
-183 0
-182 0
-181 0
-180 0
-179 0
-178 0
-177 0
-176 0
-175 0
-174 0
-173 0
-172 0
-171 0
-170 0
-169 0
-168 0
-167 0
-166 0
-165 0
-164 0
-163 0
-162 0
-161 0
-160 0
-159 0
-158 0
-157 0
-156 0
-155 0
-154 0
-153 0
-152 0
-151 0
-150 0
-149 0
-148 0
-147 0
-146 0
-145 0
-144 0
-143 0
-142 0
-141 0
-140 0
-139 0
-138 0
-137 0
-136 0
-135 0
-134 0
-133 0
-132 0
-131 0
-130 0
-129 0
-128 0
-127 0
-126 0
-125 0
-124 0
-123 0
-122 0
-121 0
-120 0
-119 0
-118 0
-117 0
-116 0
-115 0
-114 0
-113 0
-112 0
-111 0
-110 0
-109 0
-108 0
-107 0
-106 0
-105 0
-104 0
-103 0
-102 0
-101 0
-100 0
-99 0
-98 0
-97 0
-96 0
-95 0
-94 0
-93 0
-92 0
-91 0
-90 0
-89 0
-88 0
-87 0
-86 0
-85 0
-84 0
-83 0
-82 0
-81 0
-80 0
-79 0
-78 0
-77 0
-76 0
-75 0
-74 0
-73 0
-72 0
-71 0
-70 0
-69 0
-68 0
-67 0
-66 0
-65 0
-64 0
-63 0
-62 0
-61 0
-60 0
-59 0
-58 0
-57 0
-56 0
-55 0
-54 0
-53 0
-52 0
-51 0
-50 0
-49 0
-48 0
-47 0
-46 0
-45 0
-44 0
-43 0
-42 0
-41 0
-40 0
-39 0
-38 0
-37 0
-36 0
-35 0
-34 0
-33 0
-32 0
-31 0
-30 0
-29 0
-28 0
-27 0
-26 0
-25 0
-24 0
-23 0
-22 0
-21 0
-20 0
-19 0
-18 0
-17 0
-16 0
-15 0
-14 0
-13 0
-12 0
-11 0
-10 0
-9 0
-8 0
-7 0
-6 0
-5 0
-4 0
-3 0
-2 0
-1 0
0 1685
1 339
2 317
3 499
4 626
5 927
6 935
7 1161
8 1054
9 1203
10 1587
11 1648
12 1538
13 1831
14 2207
15 2688
16 3745
17 5192
18 6842
19 10342
20 12774
21 24076
22 21395
23 27438
24 32827
25 27297
26 29945
27 15712
28 15395
29 14096
30 11407
31 7775
32 7422
33 6782
34 6380
35 6125
36 4773
37 4260
38 3559
39 4056
40 3982
41 2917
42 2667
43 2827
44 2627
45 2176
46 1960
47 1968
48 1923
49 1860
50 1775
51 1562
52 1590
53 1589
54 1525
55 1323
56 1171
57 1218
58 1087
59 933
60 816
61 740
62 739
63 642
64 526
65 534
66 533
67 564
68 461
69 445
70 476
71 335
72 348
73 242
74 229
75 229
76 209
77 227
78 325
79 209
80 343
81 233
82 220
83 198
84 172
85 152
86 402
87 158
88 259
89 326
90 811
91 97
92 303
93 99
94 112
95 88
96 91
97 78
98 72
99 3365
100 706
101 179
102 68
103 83
104 69
105 52
106 58
107 90
108 59
109 71
110 62
111 71
112 81
113 57
114 69
115 54
116 59
117 76
118 72
119 76
120 90
121 61
122 81
123 80
124 84
125 65
126 61
127 87
128 70
129 87
130 74
131 69
132 63
133 89
134 86
135 80
136 51
137 98
138 51
139 77
140 68
141 78
142 69
143 98
144 75
145 69
146 70
147 63
148 72
149 82
150 56
151 55
152 58
153 77
154 63
155 56
156 52
157 52
158 51
159 83
160 49
161 52
162 69
163 55
164 48
165 38
166 51
167 40
168 48
169 49
170 37
171 48
172 41
173 51
174 30
175 39
176 40
177 40
178 37
179 31
180 46
181 36
182 26
183 37
184 56
185 31
186 31
187 36
188 38
189 35
190 26
191 46
192 46
193 42
194 30
195 46
196 41
197 40
198 33
199 35
200 43
201 43
202 35
203 34
204 31
205 19
206 21
207 15
208 11
209 9
210 11
211 4
212 12
213 10
214 8
215 9
216 5
217 3
218 7
219 4
220 3
221 8
222 3
223 1
224 5
225 3
226 1
227 3
228 3
229 2
230 1
231 1
232 0
233 2
234 1
235 1
236 0
237 0
238 2
239 0
240 1
241 0
242 0
243 0
244 0
245 0
246 0
247 0
248 0
249 0
250 0
251 0
252 0
253 0
254 1
255 0
