-255 1
-254 0
-253 0
-252 0
-251 0
-250 0
-249 0
-248 0
-247 0
-246 0
-245 0
-244 0
-243 0
-242 0
-241 0
-240 0
-239 0
-238 0
-237 0
-236 0
-235 1
-234 0
-233 0
-232 0
-231 0
-230 0
-229 0
-228 0
-227 0
-226 0
-225 0
-224 0
-223 0
-222 0
-221 0
-220 0
-219 0
-218 0
-217 0
-216 0
-215 0
-214 0
-213 0
-212 0
-211 0
-210 0
-209 0
-208 0
-207 0
-206 0
-205 0
-204 0
-203 0
-202 0
-201 0
-200 0
-199 0
-198 0
-197 0
-196 0
-195 0
-194 1
-193 0
-192 0
-191 0
-190 0
-189 0
-188 0
-187 0
-186 0
-185 0
-184 0
-183 0
-182 2
-181 0
-180 1
-179 1
-178 2
-177 0
-176 0
-175 1
-174 1
-173 1
-172 2
-171 0
-170 1
-169 1
-168 0
-167 2
-166 1
-165 1
-164 1
-163 0
-162 1
-161 1
-160 1
-159 1
-158 0
-157 3
-156 1
-155 0
-154 0
-153 3
-152 0
-151 1
-150 1
-149 0
-148 1
-147 3
-146 2
-145 0
-144 1
-143 6
-142 1
-141 0
-140 1
-139 2
-138 0
-137 0
-136 2
-135 1
-134 2
-133 0
-132 1
-131 1
-130 3
-129 1
-128 1
-127 0
-126 1
-125 1
-124 1
-123 0
-122 0
-121 1
-120 0
-119 4
-118 1
-117 0
-116 1
-115 0
-114 3
-113 3
-112 3
-111 2
-110 1
-109 1
-108 0
-107 2
-106 2
-105 1
-104 0
-103 1
-102 5
-101 3
-100 4
-99 1
-98 1
-97 1
-96 1
-95 2
-94 2
-93 2
-92 0
-91 3
-90 3
-89 3
-88 3
-87 5
-86 4
-85 5
-84 4
-83 2
-82 4
-81 5
-80 2
-79 1
-78 3
-77 7
-76 7
-75 10
-74 8
-73 9
-72 8
-71 15
-70 8
-69 9
-68 11
-67 14
-66 15
-65 21
-64 18
-63 17
-62 23
-61 32
-60 41
-59 35
-58 26
-57 42
-56 32
-55 54
-54 34
-53 47
-52 48
-51 58
-50 66
-49 87
-48 81
-47 130
-46 213
-45 189
-44 184
-43 223
-42 162
-41 141
-40 121
-39 130
-38 197
-37 173
-36 174
-35 222
-34 260
-33 255
-32 325
-31 373
-30 445
-29 455
-28 477
-27 462
-26 484
-25 539
-24 502
-23 595
-22 700
-21 728
-20 779
-19 912
-18 972
-17 1096
-16 1242
-15 1515
-14 1523
-13 1842
-12 2178
-11 2719
-10 2862
-9 3532
-8 4510
-7 5968
-6 7065
-5 9765
-4 16074
-3 22902
-2 29953
-1 35617
0 62525
1 34878
2 29991
3 22634
4 15962
5 10002
6 7357
7 6497
8 4872
9 4332
10 3297
11 2966
12 2613
13 1963
14 1717
15 1718
16 1391
17 1189
18 1104
19 1174
20 910
21 788
22 794
23 667
24 635
25 584
26 553
27 464
28 441
29 363
30 350
31 332
32 283
33 279
34 290
35 185
36 196
37 176
38 175
39 136
40 127
41 105
42 113
43 101
44 104
45 81
46 78
47 63
48 62
49 59
50 43
51 41
52 44
53 29
54 31
55 27
56 31
57 25
58 21
59 21
60 23
61 16
62 14
63 15
64 16
65 15
66 10
67 9
68 13
69 8
70 4
71 4
72 9
73 4
74 2
75 1
76 10
77 6
78 3
79 5
80 0
81 2
82 2
83 3
84 0
85 4
86 2
87 4
88 4
89 2
90 1
91 3
92 2
93 0
94 1
95 1
96 2
97 8
98 3
99 20
100 624
101 97
102 2
103 22
104 3
105 1
106 0
107 1
108 1
109 1
110 1
111 0
112 1
113 0
114 1
115 0
116 0
117 2
118 0
119 0
120 2
121 1
122 0
123 0
124 1
125 2
126 0
127 0
128 0
129 0
130 0
131 0
132 0
133 0
134 0
135 1
136 1
137 0
138 0
139 1
140 0
141 0
142 0
143 0
144 0
145 0
146 0
147 0
148 0
149 1
150 0
151 0
152 0
153 0
154 0
155 0
156 0
157 0
158 0
159 0
160 0
161 0
162 0
163 0
164 0
165 0
166 0
167 0
168 0
169 0
170 0
171 0
172 0
173 1
174 0
175 0
176 0
177 0
178 0
179 0
180 0
181 0
182 0
183 0
184 0
185 0
186 0
187 0
188 0
189 0
190 0
191 0
192 0
193 0
194 0
195 0
196 0
197 0
198 0
199 0
200 0
201 0
202 0
203 0
204 0
205 0
206 0
207 0
208 0
209 0
210 0
211 0
212 0
213 0
214 0
215 0
216 0
217 0
218 0
219 0
220 0
221 0
222 0
223 0
224 0
225 0
226 0
227 0
228 0
229 0
230 0
231 0
232 0
233 0
234 0
235 0
236 0
237 0
238 0
239 0
240 0
241 0
242 0
243 0
244 0
245 0
246 0
247 0
248 0
249 0
250 0
251 0
252 0
253 0
254 0
255 0
