-255 0
-254 0
-253 0
-252 0
-251 0
-250 0
-249 0
-248 0
-247 0
-246 0
-245 0
-244 0
-243 0
-242 0
-241 0
-240 0
-239 0
-238 0
-237 0
-236 0
-235 0
-234 0
-233 0
-232 0
-231 0
-230 0
-229 0
-228 0
-227 0
-226 0
-225 0
-224 0
-223 0
-222 0
-221 0
-220 0
-219 0
-218 0
-217 0
-216 0
-215 0
-214 0
-213 0
-212 0
-211 0
-210 0
-209 0
-208 0
-207 0
-206 0
-205 0
-204 0
-203 0
-202 0
-201 0
-200 0
-199 0
-198 0
-197 0
-196 0
-195 0
-194 0
-193 0
-192 0
-191 0
-190 0
-189 0
-188 0
-187 0
-186 0
-185 0
-184 0
-183 0
-182 0
-181 0
-180 0
-179 0
-178 0
-177 0
-176 0
-175 0
-174 0
-173 0
-172 0
-171 0
-170 0
-169 0
-168 0
-167 0
-166 0
-165 0
-164 0
-163 0
-162 0
-161 0
-160 0
-159 0
-158 0
-157 0
-156 0
-155 0
-154 0
-153 0
-152 0
-151 0
-150 0
-149 0
-148 0
-147 0
-146 0
-145 0
-144 0
-143 0
-142 0
-141 0
-140 0
-139 0
-138 0
-137 0
-136 0
-135 0
-134 0
-133 0
-132 0
-131 0
-130 0
-129 0
-128 0
-127 0
-126 0
-125 0
-124 0
-123 0
-122 0
-121 0
-120 0
-119 0
-118 0
-117 0
-116 0
-115 0
-114 0
-113 0
-112 0
-111 0
-110 0
-109 0
-108 0
-107 0
-106 0
-105 0
-104 0
-103 0
-102 0
-101 0
-100 0
-99 0
-98 0
-97 0
-96 0
-95 0
-94 0
-93 0
-92 0
-91 0
-90 0
-89 0
-88 0
-87 0
-86 0
-85 0
-84 0
-83 0
-82 0
-81 0
-80 0
-79 0
-78 0
-77 0
-76 0
-75 0
-74 0
-73 0
-72 0
-71 0
-70 0
-69 0
-68 0
-67 0
-66 0
-65 0
-64 0
-63 0
-62 0
-61 0
-60 0
-59 0
-58 0
-57 0
-56 0
-55 0
-54 0
-53 0
-52 0
-51 0
-50 0
-49 0
-48 0
-47 0
-46 0
-45 0
-44 0
-43 0
-42 0
-41 0
-40 0
-39 0
-38 0
-37 0
-36 0
-35 0
-34 0
-33 0
-32 0
-31 0
-30 0
-29 0
-28 0
-27 0
-26 0
-25 0
-24 0
-23 0
-22 0
-21 0
-20 0
-19 0
-18 0
-17 0
-16 0
-15 0
-14 0
-13 0
-12 0
-11 0
-10 0
-9 0
-8 0
-7 0
-6 0
-5 0
-4 0
-3 0
-2 0
-1 0
0 27
1 0
2 0
3 0
4 0
5 0
6 0
7 0
8 0
9 0
10 0
11 0
12 0
13 0
14 0
15 0
16 0
17 0
18 0
19 0
20 2
21 0
22 0
23 0
24 0
25 0
26 2
27 1
28 3
29 13
30 18
31 11
32 54
33 101
34 124
35 42
36 103
37 111
38 97
39 246
40 221
41 136
42 117
43 167
44 194
45 129
46 134
47 134
48 181
49 260
50 187
51 220
52 286
53 399
54 285
55 512
56 279
57 605
58 796
59 422
60 431
61 722
62 276
63 799
64 764
65 320
66 579
67 556
68 582
69 525
70 585
71 309
72 618
73 694
74 366
75 523
76 502
77 463
78 756
79 583
80 425
81 776
82 416
83 951
84 854
85 443
86 781
87 604
88 987
89 816
90 622
91 596
92 857
93 918
94 663
95 812
96 538
97 1347
98 1042
99 3404
100 1497
101 660
102 852
103 1153
104 720
105 937
106 848
107 963
108 1523
109 846
110 1213
111 1551
112 1007
113 1596
114 1236
115 1011
116 1512
117 1135
118 1906
119 1422
120 1331
121 1934
122 1560
123 1787
124 1563
125 1508
126 1683
127 2027
128 2194
129 1855
130 1839
131 1903
132 2214
133 2929
134 2219
135 2486
136 2422
137 3341
138 4121
139 3188
140 4021
141 3555
142 5463
143 7659
144 5114
145 8387
146 7005
147 10093
148 15569
149 9301
150 14406
151 11915
152 15414
153 22343
154 11829
155 15542
156 14956
157 12157
158 17869
159 10446
160 8390
161 8483
162 6186
163 6169
164 3967
165 2811
166 2935
167 2737
168 1945
169 1628
170 1388
171 1534
172 1472
173 1011
174 932
175 899
176 942
177 798
178 657
179 561
180 533
181 653
182 460
183 413
184 358
185 362
186 470
187 324
188 294
189 267
190 261
191 250
192 251
193 195
194 207
195 169
196 236
197 162
198 164
199 160
200 154
201 141
202 164
203 129
204 123
205 111
206 108
207 105
208 107
209 105
210 102
211 122
212 82
213 95
214 75
215 63
216 89
217 64
218 78
219 55
220 76
221 77
222 68
223 62
224 58
225 85
226 68
227 27
228 48
229 61
230 62
231 47
232 38
233 49
234 60
235 58
236 55
237 49
238 32
239 42
240 76
241 43
242 54
243 47
244 63
245 56
246 57
247 57
248 46
249 49
250 33
251 27
252 18
253 27
254 25
255 271
