-255 0
-254 0
-253 0
-252 0
-251 0
-250 0
-249 0
-248 0
-247 0
-246 0
-245 1
-244 0
-243 0
-242 0
-241 0
-240 0
-239 0
-238 0
-237 0
-236 0
-235 0
-234 0
-233 0
-232 0
-231 0
-230 0
-229 0
-228 0
-227 0
-226 0
-225 0
-224 0
-223 0
-222 0
-221 0
-220 0
-219 0
-218 0
-217 0
-216 0
-215 0
-214 0
-213 0
-212 0
-211 0
-210 0
-209 0
-208 0
-207 0
-206 0
-205 0
-204 0
-203 0
-202 0
-201 0
-200 0
-199 0
-198 0
-197 0
-196 0
-195 0
-194 1
-193 0
-192 0
-191 0
-190 2
-189 0
-188 1
-187 1
-186 0
-185 1
-184 1
-183 2
-182 1
-181 0
-180 0
-179 1
-178 0
-177 1
-176 1
-175 1
-174 0
-173 0
-172 1
-171 1
-170 0
-169 0
-168 2
-167 0
-166 1
-165 3
-164 2
-163 1
-162 1
-161 3
-160 3
-159 0
-158 1
-157 0
-156 0
-155 1
-154 0
-153 3
-152 0
-151 2
-150 1
-149 0
-148 2
-147 3
-146 0
-145 1
-144 0
-143 1
-142 1
-141 3
-140 0
-139 1
-138 3
-137 1
-136 3
-135 1
-134 1
-133 0
-132 2
-131 1
-130 1
-129 1
-128 0
-127 0
-126 0
-125 0
-124 2
-123 0
-122 2
-121 3
-120 0
-119 0
-118 4
-117 1
-116 1
-115 1
-114 1
-113 3
-112 1
-111 4
-110 0
-109 2
-108 1
-107 0
-106 3
-105 1
-104 1
-103 2
-102 3
-101 4
-100 1
-99 3
-98 0
-97 4
-96 3
-95 1
-94 7
-93 2
-92 2
-91 1
-90 5
-89 4
-88 4
-87 1
-86 4
-85 6
-84 0
-83 2
-82 5
-81 4
-80 5
-79 8
-78 7
-77 4
-76 5
-75 10
-74 16
-73 14
-72 12
-71 15
-70 11
-69 16
-68 18
-67 10
-66 17
-65 18
-64 24
-63 27
-62 34
-61 25
-60 30
-59 34
-58 28
-57 36
-56 37
-55 42
-54 38
-53 54
-52 55
-51 54
-50 59
-49 75
-48 78
-47 77
-46 81
-45 87
-44 83
-43 100
-42 128
-41 138
-40 140
-39 155
-38 151
-37 182
-36 192
-35 227
-34 285
-33 395
-32 403
-31 350
-30 345
-29 357
-28 399
-27 413
-26 470
-25 451
-24 547
-23 554
-22 645
-21 730
-20 853
-19 995
-18 1082
-17 1213
-16 1366
-15 1488
-14 1605
-13 1756
-12 2162
-11 2536
-10 2855
-9 3386
-8 4339
-7 5550
-6 6967
-5 9325
-4 14292
-3 22377
-2 31224
-1 39965
0 59640
1 40218
2 30024
3 22035
4 14597
5 10068
6 7525
7 6021
8 4726
9 3759
10 3146
11 2794
12 2404
13 2010
14 1695
15 1553
16 1343
17 1195
18 1119
19 1045
20 865
21 805
22 727
23 690
24 583
25 580
26 542
27 468
28 414
29 358
30 363
31 326
32 261
33 237
34 213
35 185
36 182
37 179
38 166
39 102
40 144
41 108
42 112
43 85
44 84
45 99
46 66
47 54
48 64
49 67
50 51
51 41
52 41
53 36
54 44
55 42
56 28
57 17
58 27
59 29
60 17
61 12
62 23
63 11
64 16
65 19
66 8
67 10
68 8
69 10
70 10
71 5
72 10
73 6
74 6
75 3
76 4
77 6
78 5
79 2
80 1
81 3
82 7
83 1
84 1
85 1
86 0
87 4
88 3
89 5
90 4
91 3
92 1
93 1
94 1
95 1
96 0
97 9
98 1
99 22
100 624
101 97
102 2
103 21
104 1
105 2
106 2
107 2
108 0
109 1
110 0
111 0
112 0
113 2
114 0
115 2
116 1
117 0
118 1
119 1
120 0
121 0
122 2
123 0
124 2
125 0
126 0
127 0
128 0
129 1
130 1
131 0
132 1
133 1
134 0
135 0
136 1
137 0
138 0
139 0
140 0
141 0
142 0
143 0
144 0
145 1
146 0
147 1
148 0
149 0
150 0
151 0
152 0
153 0
154 0
155 0
156 0
157 1
158 0
159 0
160 0
161 0
162 0
163 0
164 0
165 0
166 0
167 0
168 0
169 0
170 0
171 0
172 1
173 0
174 0
175 0
176 0
177 0
178 0
179 0
180 0
181 0
182 0
183 0
184 0
185 0
186 0
187 0
188 0
189 0
190 0
191 0
192 0
193 0
194 0
195 0
196 0
197 0
198 0
199 0
200 0
201 0
202 0
203 0
204 0
205 0
206 0
207 0
208 0
209 0
210 0
211 0
212 0
213 0
214 0
215 0
216 0
217 0
218 0
219 0
220 0
221 0
222 0
223 0
224 0
225 0
226 0
227 0
228 0
229 0
230 0
231 0
232 0
233 0
234 0
235 0
236 0
237 0
238 0
239 0
240 0
241 0
242 0
243 0
244 0
245 0
246 0
247 0
248 0
249 0
250 0
251 0
252 0
253 0
254 0
255 0
