-255 0
-254 0
-253 0
-252 0
-251 0
-250 0
-249 0
-248 0
-247 0
-246 0
-245 0
-244 0
-243 0
-242 0
-241 0
-240 0
-239 0
-238 0
-237 0
-236 0
-235 0
-234 0
-233 0
-232 0
-231 0
-230 0
-229 0
-228 0
-227 0
-226 0
-225 0
-224 0
-223 0
-222 0
-221 0
-220 0
-219 0
-218 0
-217 0
-216 0
-215 0
-214 0
-213 0
-212 0
-211 0
-210 0
-209 0
-208 0
-207 0
-206 0
-205 0
-204 0
-203 0
-202 0
-201 0
-200 0
-199 0
-198 0
-197 0
-196 0
-195 0
-194 0
-193 0
-192 0
-191 0
-190 0
-189 0
-188 0
-187 0
-186 0
-185 0
-184 0
-183 0
-182 0
-181 0
-180 0
-179 0
-178 0
-177 0
-176 0
-175 0
-174 0
-173 0
-172 0
-171 0
-170 0
-169 0
-168 0
-167 0
-166 0
-165 0
-164 0
-163 0
-162 0
-161 0
-160 0
-159 0
-158 0
-157 0
-156 0
-155 0
-154 0
-153 0
-152 0
-151 0
-150 0
-149 0
-148 0
-147 0
-146 0
-145 0
-144 1
-143 1
-142 1
-141 3
-140 0
-139 0
-138 0
-137 0
-136 0
-135 0
-134 2
-133 1
-132 1
-131 3
-130 1
-129 1
-128 3
-127 2
-126 2
-125 3
-124 0
-123 1
-122 0
-121 0
-120 0
-119 0
-118 0
-117 1
-116 1
-115 0
-114 1
-113 2
-112 3
-111 1
-110 0
-109 2
-108 3
-107 2
-106 2
-105 2
-104 0
-103 3
-102 1
-101 2
-100 4
-99 1
-98 3
-97 4
-96 2
-95 4
-94 6
-93 1
-92 0
-91 1
-90 2
-89 3
-88 4
-87 5
-86 3
-85 5
-84 4
-83 2
-82 5
-81 8
-80 8
-79 5
-78 11
-77 5
-76 2
-75 7
-74 11
-73 4
-72 8
-71 14
-70 6
-69 17
-68 14
-67 20
-66 23
-65 18
-64 22
-63 20
-62 16
-61 23
-60 29
-59 24
-58 26
-57 24
-56 26
-55 21
-54 29
-53 27
-52 28
-51 37
-50 30
-49 45
-48 43
-47 39
-46 55
-45 53
-44 73
-43 59
-42 81
-41 81
-40 114
-39 106
-38 108
-37 109
-36 135
-35 152
-34 151
-33 168
-32 212
-31 212
-30 228
-29 264
-28 299
-27 340
-26 373
-25 425
-24 454
-23 541
-22 547
-21 647
-20 751
-19 798
-18 914
-17 1036
-16 1191
-15 1351
-14 1627
-13 1962
-12 2209
-11 2643
-10 3048
-9 3661
-8 4483
-7 5408
-6 7075
-5 9295
-4 13107
-3 19387
-2 28876
-1 39824
0 53089
1 46252
2 33664
3 23086
4 15338
5 10959
6 8437
7 6672
8 5431
9 4528
10 3721
11 3146
12 2660
13 2277
14 1932
15 1722
16 1413
17 1283
18 1067
19 939
20 877
21 814
22 646
23 570
24 503
25 442
26 408
27 349
28 344
29 285
30 225
31 215
32 215
33 181
34 163
35 151
36 132
37 114
38 107
39 83
40 94
41 80
42 97
43 68
44 57
45 62
46 53
47 53
48 54
49 45
50 36
51 34
52 39
53 36
54 43
55 31
56 24
57 19
58 21
59 21
60 28
61 22
62 19
63 13
64 22
65 16
66 34
67 732
68 14
69 30
70 16
71 12
72 8
73 11
74 9
75 6
76 9
77 5
78 8
79 6
80 5
81 4
82 4
83 4
84 2
85 3
86 6
87 5
88 4
89 2
90 4
91 3
92 1
93 3
94 2
95 2
96 2
97 2
98 1
99 3
100 0
101 1
102 0
103 0
104 0
105 1
106 0
107 0
108 1
109 1
110 1
111 0
112 1
113 0
114 0
115 0
116 0
117 0
118 0
119 2
120 1
121 1
122 0
123 1
124 0
125 0
126 1
127 0
128 0
129 0
130 0
131 0
132 0
133 0
134 0
135 1
136 0
137 0
138 0
139 0
140 0
141 0
142 0
143 0
144 0
145 0
146 0
147 0
148 0
149 0
150 0
151 0
152 0
153 1
154 0
155 0
156 0
157 0
158 0
159 0
160 0
161 0
162 0
163 0
164 0
165 0
166 0
167 0
168 0
169 0
170 0
171 0
172 0
173 0
174 0
175 0
176 0
177 0
178 0
179 0
180 0
181 0
182 0
183 0
184 0
185 0
186 0
187 0
188 0
189 0
190 0
191 0
192 0
193 0
194 0
195 0
196 0
197 0
198 0
199 0
200 0
201 0
202 0
203 0
204 0
205 0
206 0
207 0
208 0
209 0
210 0
211 0
212 0
213 0
214 0
215 0
216 0
217 0
218 0
219 0
220 0
221 0
222 0
223 0
224 0
225 0
226 0
227 0
228 0
229 0
230 0
231 0
232 0
233 0
234 0
235 0
236 0
237 0
238 0
239 0
240 0
241 0
242 0
243 0
244 0
245 0
246 0
247 0
248 0
249 0
250 0
251 0
252 0
253 0
254 0
255 0
