-255 0
-254 0
-253 0
-252 0
-251 0
-250 0
-249 0
-248 0
-247 0
-246 0
-245 0
-244 0
-243 0
-242 0
-241 0
-240 0
-239 0
-238 0
-237 0
-236 0
-235 0
-234 0
-233 0
-232 0
-231 0
-230 0
-229 0
-228 0
-227 0
-226 0
-225 0
-224 0
-223 0
-222 0
-221 0
-220 0
-219 0
-218 0
-217 0
-216 0
-215 0
-214 0
-213 0
-212 0
-211 0
-210 0
-209 0
-208 0
-207 0
-206 0
-205 0
-204 0
-203 0
-202 0
-201 0
-200 0
-199 0
-198 0
-197 0
-196 0
-195 0
-194 0
-193 0
-192 0
-191 0
-190 0
-189 0
-188 0
-187 0
-186 0
-185 0
-184 0
-183 0
-182 0
-181 0
-180 0
-179 0
-178 0
-177 0
-176 0
-175 0
-174 0
-173 0
-172 0
-171 0
-170 0
-169 0
-168 0
-167 0
-166 0
-165 0
-164 0
-163 0
-162 0
-161 0
-160 0
-159 0
-158 0
-157 0
-156 0
-155 0
-154 0
-153 0
-152 0
-151 0
-150 0
-149 0
-148 0
-147 0
-146 0
-145 0
-144 0
-143 0
-142 0
-141 0
-140 0
-139 0
-138 0
-137 0
-136 0
-135 0
-134 0
-133 0
-132 0
-131 0
-130 0
-129 0
-128 0
-127 0
-126 0
-125 0
-124 0
-123 0
-122 0
-121 0
-120 0
-119 0
-118 0
-117 0
-116 0
-115 0
-114 0
-113 0
-112 0
-111 0
-110 0
-109 0
-108 0
-107 0
-106 0
-105 0
-104 0
-103 0
-102 0
-101 0
-100 0
-99 0
-98 0
-97 0
-96 0
-95 0
-94 0
-93 0
-92 0
-91 0
-90 0
-89 0
-88 0
-87 0
-86 0
-85 0
-84 0
-83 0
-82 0
-81 0
-80 0
-79 0
-78 0
-77 0
-76 0
-75 0
-74 0
-73 0
-72 0
-71 0
-70 0
-69 0
-68 0
-67 0
-66 0
-65 0
-64 0
-63 0
-62 0
-61 0
-60 0
-59 0
-58 0
-57 0
-56 0
-55 0
-54 0
-53 0
-52 0
-51 0
-50 0
-49 0
-48 0
-47 0
-46 0
-45 0
-44 0
-43 0
-42 0
-41 0
-40 0
-39 0
-38 0
-37 0
-36 0
-35 0
-34 0
-33 0
-32 0
-31 0
-30 0
-29 0
-28 0
-27 0
-26 0
-25 0
-24 0
-23 0
-22 0
-21 0
-20 0
-19 0
-18 0
-17 0
-16 0
-15 0
-14 0
-13 0
-12 0
-11 0
-10 0
-9 0
-8 0
-7 0
-6 0
-5 0
-4 0
-3 0
-2 0
-1 0
0 28
1 0
2 6
3 3
4 18
5 17
6 22
7 40
8 46
9 64
10 55
11 99
12 90
13 149
14 204
15 199
16 192
17 231
18 247
19 313
20 320
21 286
22 395
23 346
24 424
25 434
26 520
27 702
28 811
29 998
30 1128
31 1478
32 1325
33 1545
34 1397
35 1592
36 1427
37 1709
38 1949
39 2271
40 2547
41 2871
42 3014
43 3818
44 4678
45 5391
46 7172
47 11460
48 16838
49 25551
50 35480
51 42604
52 34251
53 23797
54 17963
55 15035
56 11387
57 8350
58 8047
59 7563
60 5553
61 4620
62 4470
63 4448
64 3326
65 3397
66 3141
67 3040
68 2658
69 2508
70 2377
71 2221
72 1991
73 1829
74 1854
75 1697
76 1394
77 1375
78 1413
79 1266
80 1162
81 1041
82 1041
83 885
84 819
85 705
86 741
87 676
88 732
89 649
90 555
91 448
92 447
93 502
94 1201
95 699
96 471
97 290
98 234
99 3032
100 1264
101 258
102 164
103 149
104 143
105 130
106 103
107 126
108 118
109 99
110 93
111 107
112 95
113 92
114 72
115 76
116 69
117 64
118 66
119 61
120 67
121 61
122 53
123 63
124 48
125 65
126 59
127 59
128 50
129 51
130 49
131 58
132 47
133 52
134 56
135 46
136 45
137 60
138 52
139 49
140 60
141 57
142 62
143 48
144 51
145 38
146 52
147 46
148 43
149 50
150 47
151 60
152 46
153 59
154 54
155 62
156 61
157 44
158 51
159 74
160 70
161 51
162 50
163 57
164 56
165 72
166 60
167 61
168 64
169 52
170 48
171 50
172 56
173 58
174 48
175 51
176 62
177 63
178 65
179 52
180 65
181 69
182 57
183 56
184 52
185 63
186 63
187 55
188 45
189 43
190 56
191 72
192 61
193 66
194 59
195 62
196 64
197 53
198 50
199 68
200 51
201 41
202 43
203 50
204 38
205 45
206 62
207 52
208 36
209 41
210 58
211 49
212 27
213 56
214 46
215 33
216 40
217 45
218 43
219 41
220 36
221 34
222 26
223 30
224 44
225 39
226 33
227 44
228 37
229 36
230 29
231 28
232 33
233 24
234 27
235 34
236 28
237 33
238 35
239 27
240 32
241 34
242 26
243 49
244 33
245 46
246 40
247 45
248 40
249 45
250 48
251 40
252 28
253 29
254 23
255 191
