-255 3
-254 0
-253 0
-252 0
-251 0
-250 0
-249 0
-248 0
-247 0
-246 0
-245 0
-244 0
-243 0
-242 0
-241 0
-240 0
-239 0
-238 0
-237 0
-236 0
-235 0
-234 0
-233 0
-232 0
-231 0
-230 0
-229 0
-228 0
-227 0
-226 0
-225 0
-224 0
-223 0
-222 0
-221 0
-220 0
-219 0
-218 0
-217 0
-216 0
-215 1
-214 0
-213 0
-212 0
-211 0
-210 0
-209 0
-208 0
-207 0
-206 0
-205 0
-204 0
-203 0
-202 0
-201 0
-200 0
-199 0
-198 0
-197 0
-196 0
-195 0
-194 0
-193 0
-192 1
-191 0
-190 0
-189 0
-188 2
-187 0
-186 1
-185 1
-184 1
-183 1
-182 0
-181 1
-180 1
-179 1
-178 0
-177 0
-176 3
-175 0
-174 1
-173 1
-172 0
-171 0
-170 0
-169 0
-168 0
-167 0
-166 2
-165 1
-164 2
-163 0
-162 0
-161 2
-160 1
-159 0
-158 0
-157 1
-156 0
-155 1
-154 1
-153 1
-152 1
-151 3
-150 3
-149 0
-148 3
-147 0
-146 2
-145 1
-144 0
-143 3
-142 2
-141 1
-140 3
-139 3
-138 4
-137 2
-136 1
-135 4
-134 1
-133 3
-132 4
-131 6
-130 3
-129 3
-128 5
-127 2
-126 4
-125 2
-124 6
-123 6
-122 7
-121 4
-120 7
-119 2
-118 9
-117 3
-116 9
-115 5
-114 10
-113 6
-112 4
-111 7
-110 5
-109 10
-108 15
-107 6
-106 10
-105 8
-104 13
-103 10
-102 7
-101 5
-100 11
-99 5
-98 9
-97 20
-96 13
-95 17
-94 9
-93 12
-92 23
-91 20
-90 18
-89 16
-88 25
-87 30
-86 14
-85 21
-84 21
-83 25
-82 21
-81 28
-80 32
-79 21
-78 26
-77 48
-76 38
-75 52
-74 42
-73 50
-72 49
-71 56
-70 51
-69 58
-68 51
-67 56
-66 74
-65 73
-64 65
-63 66
-62 98
-61 72
-60 90
-59 79
-58 97
-57 93
-56 112
-55 113
-54 133
-53 125
-52 156
-51 135
-50 157
-49 141
-48 159
-47 205
-46 195
-45 174
-44 184
-43 206
-42 238
-41 246
-40 288
-39 325
-38 332
-37 327
-36 393
-35 387
-34 406
-33 487
-32 458
-31 504
-30 558
-29 587
-28 673
-27 713
-26 758
-25 940
-24 959
-23 1029
-22 1123
-21 1238
-20 1355
-19 1831
-18 1545
-17 1896
-16 2033
-15 2434
-14 2644
-13 3074
-12 3924
-11 4282
-10 5053
-9 5831
-8 7291
-7 8425
-6 12157
-5 13880
-4 16496
-3 23020
-2 23971
-1 23905
0 35424
1 22993
2 21285
3 20201
4 14600
5 12272
6 10446
7 7898
8 6749
9 5698
10 5014
11 4201
12 3761
13 3214
14 2968
15 2705
16 2408
17 2124
18 1937
19 1951
20 1661
21 1527
22 1389
23 1254
24 1367
25 1059
26 905
27 845
28 763
29 782
30 709
31 729
32 629
33 552
34 543
35 494
36 406
37 422
38 351
39 330
40 300
41 278
42 241
43 218
44 210
45 228
46 181
47 165
48 188
49 137
50 114
51 124
52 114
53 109
54 112
55 92
56 81
57 100
58 81
59 76
60 75
61 78
62 75
63 49
64 55
65 54
66 48
67 43
68 41
69 35
70 32
71 37
72 22
73 38
74 25
75 18
76 26
77 26
78 24
79 25
80 20
81 21
82 16
83 18
84 11
85 15
86 8
87 13
88 15
89 7
90 12
91 19
92 10
93 10
94 11
95 13
96 9
97 16
98 12
99 28
100 629
101 100
102 6
103 27
104 5
105 3
106 6
107 1
108 1
109 6
110 4
111 3
112 4
113 2
114 1
115 2
116 4
117 1
118 2
119 1
120 0
121 2
122 0
123 1
124 1
125 1
126 2
127 2
128 1
129 2
130 1
131 2
132 2
133 1
134 0
135 1
136 0
137 1
138 0
139 0
140 1
141 0
142 1
143 0
144 0
145 0
146 0
147 1
148 0
149 0
150 0
151 0
152 1
153 0
154 0
155 0
156 0
157 0
158 0
159 0
160 0
161 0
162 0
163 0
164 0
165 0
166 0
167 0
168 0
169 0
170 0
171 0
172 0
173 0
174 0
175 0
176 0
177 0
178 0
179 0
180 0
181 0
182 0
183 0
184 0
185 0
186 0
187 0
188 0
189 0
190 0
191 0
192 0
193 0
194 0
195 0
196 0
197 0
198 0
199 0
200 0
201 0
202 0
203 0
204 0
205 0
206 0
207 0
208 0
209 0
210 0
211 0
212 0
213 0
214 0
215 0
216 0
217 0
218 0
219 0
220 0
221 0
222 0
223 0
224 0
225 0
226 0
227 0
228 0
229 0
230 0
231 0
232 0
233 0
234 0
235 0
236 0
237 0
238 0
239 0
240 0
241 0
242 0
243 0
244 0
245 0
246 0
247 0
248 0
249 0
250 0
251 0
252 0
253 0
254 0
255 0
