-255 1
-254 0
-253 0
-252 0
-251 0
-250 0
-249 0
-248 0
-247 0
-246 0
-245 0
-244 0
-243 0
-242 0
-241 0
-240 0
-239 0
-238 0
-237 0
-236 0
-235 1
-234 0
-233 0
-232 0
-231 1
-230 0
-229 0
-228 0
-227 0
-226 0
-225 0
-224 0
-223 0
-222 0
-221 0
-220 0
-219 0
-218 0
-217 1
-216 0
-215 0
-214 0
-213 0
-212 0
-211 1
-210 0
-209 0
-208 0
-207 0
-206 0
-205 0
-204 0
-203 0
-202 0
-201 1
-200 1
-199 1
-198 1
-197 0
-196 0
-195 0
-194 2
-193 1
-192 0
-191 1
-190 0
-189 0
-188 2
-187 0
-186 0
-185 0
-184 2
-183 0
-182 1
-181 0
-180 2
-179 1
-178 1
-177 0
-176 2
-175 1
-174 3
-173 0
-172 1
-171 1
-170 0
-169 1
-168 5
-167 3
-166 0
-165 2
-164 0
-163 1
-162 0
-161 0
-160 3
-159 0
-158 1
-157 1
-156 1
-155 0
-154 1
-153 1
-152 2
-151 3
-150 3
-149 1
-148 2
-147 2
-146 1
-145 2
-144 1
-143 3
-142 1
-141 2
-140 0
-139 2
-138 2
-137 0
-136 3
-135 1
-134 1
-133 3
-132 0
-131 0
-130 3
-129 2
-128 3
-127 0
-126 2
-125 2
-124 1
-123 1
-122 1
-121 2
-120 1
-119 6
-118 4
-117 2
-116 3
-115 3
-114 5
-113 4
-112 7
-111 5
-110 2
-109 4
-108 7
-107 5
-106 7
-105 5
-104 10
-103 6
-102 10
-101 8
-100 10
-99 10
-98 9
-97 2
-96 10
-95 8
-94 7
-93 5
-92 8
-91 7
-90 11
-89 14
-88 10
-87 7
-86 15
-85 14
-84 13
-83 21
-82 11
-81 13
-80 14
-79 26
-78 22
-77 16
-76 29
-75 15
-74 21
-73 18
-72 36
-71 26
-70 31
-69 36
-68 31
-67 32
-66 32
-65 41
-64 36
-63 37
-62 46
-61 53
-60 43
-59 53
-58 70
-57 55
-56 76
-55 68
-54 71
-53 70
-52 86
-51 93
-50 88
-49 113
-48 133
-47 189
-46 255
-45 235
-44 265
-43 281
-42 212
-41 213
-40 231
-39 238
-38 283
-37 255
-36 310
-35 356
-34 400
-33 455
-32 594
-31 568
-30 633
-29 663
-28 627
-27 625
-26 671
-25 773
-24 825
-23 921
-22 982
-21 1070
-20 1134
-19 1302
-18 1431
-17 1543
-16 1682
-15 2090
-14 2224
-13 2809
-12 2913
-11 3561
-10 3939
-9 4525
-8 5608
-7 7073
-6 8514
-5 11168
-4 16733
-3 22011
-2 26635
-1 29850
0 44227
1 29480
2 26226
3 21160
4 16183
5 11561
6 8956
7 7701
8 6024
9 5867
10 4677
11 3836
12 3263
13 2844
14 2470
15 2332
16 1885
17 1800
18 1669
19 1562
20 1357
21 1130
22 1146
23 1060
24 929
25 842
26 734
27 655
28 653
29 587
30 539
31 440
32 426
33 431
34 397
35 346
36 302
37 258
38 263
39 228
40 218
41 186
42 163
43 136
44 134
45 138
46 114
47 99
48 90
49 76
50 81
51 81
52 65
53 74
54 73
55 50
56 51
57 42
58 49
59 43
60 57
61 31
62 43
63 41
64 38
65 33
66 29
67 25
68 23
69 18
70 25
71 26
72 26
73 23
74 17
75 23
76 18
77 20
78 9
79 16
80 20
81 17
82 14
83 11
84 11
85 9
86 8
87 10
88 7
89 12
90 10
91 13
92 8
93 12
94 10
95 8
96 11
97 13
98 2
99 27
100 630
101 100
102 6
103 23
104 12
105 3
106 5
107 7
108 1
109 2
110 1
111 4
112 3
113 2
114 3
115 4
116 3
117 1
118 3
119 0
120 4
121 1
122 4
123 1
124 1
125 2
126 1
127 0
128 0
129 1
130 0
131 1
132 0
133 3
134 0
135 0
136 0
137 1
138 4
139 0
140 0
141 2
142 0
143 1
144 0
145 0
146 1
147 0
148 0
149 1
150 0
151 1
152 0
153 0
154 0
155 1
156 0
157 0
158 1
159 0
160 1
161 0
162 1
163 0
164 0
165 0
166 0
167 0
168 0
169 1
170 0
171 0
172 0
173 0
174 0
175 0
176 1
177 0
178 0
179 0
180 0
181 0
182 0
183 0
184 0
185 0
186 1
187 0
188 0
189 0
190 0
191 0
192 0
193 1
194 0
195 0
196 0
197 0
198 0
199 0
200 0
201 0
202 0
203 0
204 0
205 0
206 0
207 0
208 0
209 0
210 0
211 0
212 0
213 0
214 0
215 0
216 0
217 0
218 0
219 0
220 0
221 0
222 0
223 0
224 0
225 0
226 0
227 0
228 0
229 0
230 0
231 0
232 0
233 0
234 0
235 0
236 0
237 0
238 0
239 0
240 0
241 0
242 0
243 0
244 0
245 0
246 0
247 0
248 0
249 0
250 0
251 0
252 0
253 0
254 0
255 0
