-255 0
-254 0
-253 0
-252 0
-251 0
-250 0
-249 0
-248 0
-247 0
-246 0
-245 0
-244 0
-243 0
-242 0
-241 0
-240 0
-239 0
-238 0
-237 0
-236 0
-235 0
-234 0
-233 0
-232 0
-231 0
-230 0
-229 0
-228 0
-227 0
-226 0
-225 0
-224 0
-223 0
-222 0
-221 0
-220 0
-219 0
-218 0
-217 0
-216 0
-215 0
-214 0
-213 0
-212 0
-211 0
-210 0
-209 0
-208 0
-207 0
-206 0
-205 0
-204 0
-203 0
-202 0
-201 0
-200 0
-199 0
-198 0
-197 0
-196 0
-195 0
-194 0
-193 0
-192 0
-191 0
-190 0
-189 0
-188 0
-187 0
-186 0
-185 0
-184 0
-183 0
-182 0
-181 0
-180 0
-179 0
-178 0
-177 0
-176 0
-175 0
-174 0
-173 0
-172 0
-171 0
-170 0
-169 0
-168 0
-167 0
-166 0
-165 0
-164 0
-163 0
-162 0
-161 0
-160 0
-159 0
-158 0
-157 0
-156 0
-155 0
-154 0
-153 0
-152 1
-151 0
-150 1
-149 1
-148 2
-147 1
-146 0
-145 0
-144 0
-143 1
-142 0
-141 0
-140 2
-139 2
-138 3
-137 1
-136 1
-135 1
-134 3
-133 0
-132 2
-131 3
-130 1
-129 0
-128 0
-127 0
-126 0
-125 0
-124 1
-123 1
-122 0
-121 2
-120 2
-119 0
-118 2
-117 2
-116 0
-115 4
-114 1
-113 4
-112 1
-111 3
-110 0
-109 2
-108 0
-107 0
-106 2
-105 3
-104 3
-103 3
-102 0
-101 2
-100 5
-99 1
-98 3
-97 0
-96 1
-95 1
-94 1
-93 5
-92 1
-91 4
-90 2
-89 1
-88 7
-87 3
-86 3
-85 2
-84 6
-83 5
-82 5
-81 9
-80 7
-79 5
-78 8
-77 5
-76 12
-75 7
-74 4
-73 5
-72 13
-71 11
-70 8
-69 15
-68 19
-67 19
-66 23
-65 17
-64 14
-63 10
-62 26
-61 19
-60 19
-59 22
-58 30
-57 18
-56 21
-55 29
-54 31
-53 25
-52 29
-51 31
-50 25
-49 25
-48 53
-47 44
-46 52
-45 60
-44 56
-43 51
-42 52
-41 83
-40 96
-39 95
-38 102
-37 106
-36 126
-35 113
-34 163
-33 162
-32 171
-31 193
-30 229
-29 261
-28 293
-27 297
-26 346
-25 410
-24 468
-23 544
-22 717
-21 809
-20 785
-19 815
-18 890
-17 1100
-16 1301
-15 1414
-14 1663
-13 1883
-12 2238
-11 2586
-10 3101
-9 3545
-8 4300
-7 5347
-6 6763
-5 8796
-4 13020
-3 18919
-2 28408
-1 40519
0 53081
1 47486
2 34249
3 23428
4 15841
5 10959
6 8066
7 6539
8 5272
9 4242
10 3499
11 3025
12 2602
13 2282
14 1904
15 1704
16 1562
17 1317
18 1130
19 910
20 875
21 691
22 662
23 553
24 491
25 474
26 367
27 331
28 343
29 257
30 222
31 241
32 183
33 183
34 147
35 133
36 134
37 99
38 102
39 82
40 97
41 63
42 81
43 78
44 67
45 62
46 43
47 48
48 42
49 43
50 37
51 34
52 41
53 40
54 33
55 27
56 25
57 19
58 27
59 30
60 21
61 17
62 21
63 13
64 25
65 18
66 29
67 640
68 110
69 35
70 13
71 16
72 8
73 8
74 8
75 6
76 7
77 9
78 8
79 4
80 4
81 8
82 7
83 5
84 3
85 5
86 2
87 6
88 2
89 1
90 2
91 2
92 3
93 3
94 2
95 2
96 3
97 3
98 2
99 3
100 2
101 2
102 1
103 0
104 0
105 1
106 1
107 0
108 0
109 1
110 2
111 0
112 0
113 1
114 2
115 1
116 0
117 0
118 0
119 0
120 0
121 1
122 1
123 0
124 0
125 2
126 0
127 0
128 0
129 0
130 0
131 0
132 0
133 0
134 0
135 0
136 0
137 0
138 0
139 1
140 0
141 0
142 0
143 0
144 0
145 1
146 0
147 0
148 0
149 0
150 1
151 0
152 0
153 0
154 0
155 0
156 0
157 0
158 0
159 0
160 0
161 0
162 0
163 0
164 1
165 0
166 0
167 0
168 0
169 0
170 0
171 0
172 0
173 0
174 0
175 0
176 0
177 0
178 0
179 0
180 0
181 0
182 0
183 0
184 0
185 0
186 0
187 0
188 0
189 0
190 0
191 0
192 0
193 0
194 0
195 0
196 0
197 0
198 0
199 0
200 0
201 0
202 0
203 0
204 0
205 0
206 0
207 0
208 0
209 0
210 0
211 0
212 0
213 0
214 0
215 0
216 0
217 0
218 0
219 0
220 0
221 0
222 0
223 0
224 0
225 0
226 0
227 0
228 0
229 0
230 0
231 0
232 0
233 0
234 0
235 0
236 0
237 0
238 0
239 0
240 0
241 0
242 0
243 0
244 0
245 0
246 0
247 0
248 0
249 0
250 0
251 0
252 0
253 0
254 0
255 0
