-255 0
-254 0
-253 0
-252 0
-251 0
-250 0
-249 0
-248 0
-247 0
-246 0
-245 0
-244 0
-243 0
-242 0
-241 0
-240 0
-239 0
-238 0
-237 0
-236 0
-235 0
-234 0
-233 0
-232 0
-231 0
-230 0
-229 0
-228 0
-227 0
-226 0
-225 0
-224 0
-223 0
-222 0
-221 0
-220 0
-219 0
-218 0
-217 0
-216 0
-215 0
-214 0
-213 0
-212 0
-211 0
-210 0
-209 0
-208 0
-207 0
-206 0
-205 0
-204 0
-203 0
-202 0
-201 0
-200 0
-199 0
-198 0
-197 0
-196 0
-195 0
-194 0
-193 0
-192 0
-191 0
-190 0
-189 0
-188 0
-187 0
-186 0
-185 0
-184 0
-183 0
-182 0
-181 0
-180 0
-179 0
-178 0
-177 0
-176 0
-175 0
-174 0
-173 0
-172 0
-171 0
-170 0
-169 0
-168 0
-167 0
-166 0
-165 1
-164 1
-163 0
-162 0
-161 0
-160 0
-159 0
-158 0
-157 1
-156 0
-155 0
-154 0
-153 1
-152 0
-151 0
-150 0
-149 0
-148 0
-147 0
-146 0
-145 0
-144 0
-143 0
-142 1
-141 0
-140 1
-139 1
-138 3
-137 2
-136 0
-135 0
-134 0
-133 0
-132 1
-131 2
-130 2
-129 0
-128 0
-127 1
-126 0
-125 0
-124 0
-123 3
-122 2
-121 3
-120 2
-119 1
-118 4
-117 2
-116 1
-115 1
-114 1
-113 2
-112 1
-111 5
-110 8
-109 6
-108 6
-107 3
-106 2
-105 3
-104 9
-103 3
-102 10
-101 2
-100 5
-99 8
-98 7
-97 1
-96 5
-95 6
-94 3
-93 5
-92 7
-91 6
-90 7
-89 8
-88 5
-87 8
-86 10
-85 9
-84 9
-83 6
-82 8
-81 11
-80 8
-79 18
-78 14
-77 12
-76 14
-75 9
-74 17
-73 16
-72 12
-71 26
-70 24
-69 13
-68 18
-67 17
-66 17
-65 19
-64 17
-63 26
-62 20
-61 32
-60 24
-59 27
-58 32
-57 36
-56 45
-55 39
-54 38
-53 55
-52 44
-51 48
-50 49
-49 74
-48 42
-47 70
-46 65
-45 95
-44 70
-43 88
-42 91
-41 92
-40 98
-39 112
-38 103
-37 106
-36 135
-35 133
-34 175
-33 167
-32 206
-31 227
-30 251
-29 255
-28 253
-27 322
-26 350
-25 434
-24 531
-23 590
-22 642
-21 647
-20 641
-19 770
-18 986
-17 992
-16 1146
-15 1374
-14 1536
-13 1713
-12 2007
-11 2483
-10 2842
-9 3470
-8 4478
-7 5774
-6 7510
-5 9631
-4 14777
-3 22727
-2 31784
-1 41343
0 60178
1 41498
2 31111
3 22394
4 14818
5 9961
6 7604
7 5859
8 4748
9 3539
10 3056
11 2715
12 2300
13 1807
14 1673
15 1467
16 1289
17 1077
18 956
19 859
20 736
21 625
22 579
23 569
24 443
25 437
26 352
27 316
28 248
29 254
30 205
31 200
32 177
33 154
34 151
35 138
36 122
37 124
38 105
39 103
40 95
41 84
42 82
43 72
44 72
45 60
46 64
47 54
48 56
49 42
50 58
51 35
52 35
53 42
54 40
55 37
56 32
57 29
58 24
59 19
60 30
61 25
62 18
63 19
64 19
65 18
66 19
67 21
68 12
69 17
70 16
71 16
72 7
73 8
74 14
75 11
76 13
77 10
78 12
79 12
80 9
81 6
82 11
83 8
84 7
85 6
86 12
87 6
88 10
89 8
90 4
91 5
92 6
93 7
94 7
95 4
96 7
97 4
98 4
99 4
100 2
101 4
102 4
103 3
104 3
105 5
106 4
107 2
108 3
109 4
110 0
111 0
112 5
113 2
114 1
115 0
116 2
117 2
118 2
119 1
120 2
121 1
122 2
123 1
124 4
125 1
126 5
127 0
128 0
129 0
130 1
131 1
132 2
133 2
134 0
135 0
136 0
137 3
138 0
139 2
140 0
141 0
142 0
143 0
144 0
145 0
146 0
147 0
148 0
149 0
150 0
151 0
152 0
153 0
154 0
155 0
156 0
157 0
158 0
159 0
160 0
161 0
162 0
163 1
164 1
165 0
166 1
167 0
168 0
169 0
170 0
171 0
172 1
173 0
174 0
175 0
176 0
177 0
178 0
179 0
180 0
181 0
182 0
183 0
184 0
185 0
186 0
187 0
188 0
189 0
190 0
191 0
192 0
193 0
194 0
195 0
196 0
197 0
198 0
199 0
200 0
201 0
202 0
203 0
204 0
205 0
206 0
207 0
208 0
209 0
210 0
211 0
212 0
213 0
214 0
215 0
216 0
217 0
218 0
219 0
220 0
221 0
222 0
223 0
224 0
225 0
226 0
227 0
228 0
229 0
230 0
231 0
232 0
233 0
234 0
235 0
236 0
237 0
238 0
239 0
240 0
241 0
242 0
243 0
244 0
245 0
246 0
247 0
248 0
249 0
250 0
251 0
252 0
253 0
254 0
255 0
