-255 0
-254 0
-253 0
-252 0
-251 0
-250 0
-249 0
-248 0
-247 0
-246 0
-245 0
-244 0
-243 0
-242 0
-241 0
-240 0
-239 0
-238 0
-237 0
-236 0
-235 0
-234 0
-233 0
-232 0
-231 0
-230 0
-229 0
-228 0
-227 0
-226 0
-225 0
-224 0
-223 0
-222 0
-221 0
-220 0
-219 0
-218 0
-217 0
-216 0
-215 0
-214 0
-213 0
-212 0
-211 0
-210 0
-209 0
-208 0
-207 0
-206 0
-205 0
-204 0
-203 0
-202 0
-201 0
-200 0
-199 0
-198 0
-197 0
-196 0
-195 0
-194 0
-193 0
-192 0
-191 0
-190 0
-189 0
-188 0
-187 0
-186 0
-185 0
-184 0
-183 0
-182 0
-181 0
-180 0
-179 0
-178 0
-177 0
-176 0
-175 0
-174 0
-173 0
-172 0
-171 0
-170 0
-169 0
-168 0
-167 0
-166 0
-165 0
-164 0
-163 0
-162 0
-161 0
-160 0
-159 1
-158 1
-157 0
-156 0
-155 0
-154 0
-153 1
-152 0
-151 1
-150 0
-149 0
-148 0
-147 0
-146 0
-145 0
-144 0
-143 0
-142 0
-141 0
-140 1
-139 0
-138 1
-137 1
-136 1
-135 0
-134 0
-133 0
-132 2
-131 0
-130 1
-129 2
-128 2
-127 1
-126 1
-125 0
-124 1
-123 1
-122 1
-121 2
-120 1
-119 0
-118 2
-117 1
-116 2
-115 2
-114 1
-113 3
-112 2
-111 0
-110 4
-109 2
-108 3
-107 7
-106 4
-105 5
-104 4
-103 8
-102 4
-101 4
-100 2
-99 6
-98 9
-97 9
-96 5
-95 4
-94 9
-93 8
-92 2
-91 9
-90 6
-89 2
-88 5
-87 8
-86 4
-85 8
-84 11
-83 4
-82 13
-81 12
-80 11
-79 14
-78 11
-77 10
-76 12
-75 18
-74 12
-73 7
-72 25
-71 17
-70 20
-69 26
-68 26
-67 20
-66 15
-65 24
-64 18
-63 31
-62 23
-61 25
-60 32
-59 30
-58 26
-57 37
-56 38
-55 48
-54 45
-53 60
-52 51
-51 47
-50 50
-49 79
-48 66
-47 56
-46 85
-45 76
-44 78
-43 86
-42 110
-41 99
-40 110
-39 118
-38 130
-37 132
-36 160
-35 154
-34 206
-33 170
-32 191
-31 208
-30 255
-29 250
-28 260
-27 347
-26 372
-25 397
-24 417
-23 511
-22 556
-21 585
-20 609
-19 842
-18 927
-17 936
-16 1181
-15 1528
-14 1464
-13 1652
-12 2095
-11 2735
-10 2850
-9 3284
-8 4767
-7 6125
-6 7062
-5 8954
-4 15780
-3 24152
-2 30521
-1 38225
0 66995
1 36274
2 29380
3 23847
4 15483
5 9314
6 7440
7 6491
8 4993
9 3628
10 3100
11 3076
12 2382
13 1724
14 1622
15 1631
16 1239
17 994
18 945
19 900
20 669
21 569
22 601
23 504
24 444
25 358
26 355
27 323
28 268
29 249
30 267
31 191
32 160
33 159
34 163
35 134
36 129
37 130
38 134
39 75
40 91
41 98
42 92
43 64
44 81
45 64
46 68
47 61
48 48
49 38
50 48
51 51
52 35
53 55
54 44
55 31
56 39
57 35
58 18
59 24
60 26
61 21
62 18
63 21
64 26
65 19
66 9
67 19
68 15
69 16
70 9
71 14
72 18
73 14
74 12
75 15
76 12
77 12
78 11
79 8
80 11
81 5
82 15
83 10
84 5
85 7
86 7
87 10
88 4
89 9
90 5
91 9
92 4
93 1
94 5
95 6
96 2
97 1
98 6
99 4
100 1
101 5
102 5
103 2
104 4
105 4
106 3
107 1
108 5
109 1
110 1
111 1
112 3
113 1
114 1
115 4
116 2
117 2
118 2
119 0
120 4
121 2
122 1
123 1
124 1
125 0
126 2
127 0
128 3
129 1
130 1
131 2
132 0
133 1
134 0
135 1
136 0
137 0
138 0
139 0
140 0
141 0
142 0
143 0
144 0
145 0
146 0
147 2
148 0
149 0
150 0
151 0
152 0
153 1
154 0
155 0
156 0
157 0
158 0
159 0
160 0
161 0
162 0
163 1
164 0
165 0
166 0
167 0
168 0
169 0
170 0
171 0
172 0
173 0
174 0
175 0
176 0
177 0
178 0
179 0
180 0
181 0
182 0
183 0
184 0
185 0
186 0
187 0
188 0
189 0
190 0
191 0
192 0
193 0
194 0
195 0
196 0
197 0
198 0
199 0
200 0
201 0
202 0
203 0
204 0
205 0
206 0
207 0
208 0
209 0
210 0
211 0
212 0
213 0
214 0
215 0
216 0
217 0
218 0
219 0
220 0
221 0
222 0
223 0
224 0
225 0
226 0
227 0
228 0
229 0
230 0
231 0
232 0
233 0
234 0
235 0
236 0
237 0
238 0
239 0
240 0
241 0
242 0
243 0
244 0
245 0
246 0
247 0
248 0
249 0
250 0
251 0
252 0
253 0
254 0
255 0
