-255 0
-254 0
-253 0
-252 0
-251 0
-250 0
-249 0
-248 0
-247 0
-246 0
-245 0
-244 0
-243 0
-242 0
-241 0
-240 0
-239 0
-238 0
-237 0
-236 0
-235 0
-234 0
-233 0
-232 0
-231 0
-230 0
-229 0
-228 0
-227 0
-226 0
-225 0
-224 0
-223 0
-222 0
-221 0
-220 0
-219 0
-218 0
-217 0
-216 0
-215 0
-214 0
-213 0
-212 0
-211 0
-210 0
-209 0
-208 0
-207 0
-206 0
-205 0
-204 0
-203 0
-202 0
-201 0
-200 0
-199 0
-198 0
-197 0
-196 0
-195 0
-194 0
-193 0
-192 0
-191 0
-190 0
-189 0
-188 0
-187 0
-186 0
-185 0
-184 0
-183 0
-182 0
-181 0
-180 0
-179 0
-178 0
-177 0
-176 0
-175 0
-174 0
-173 0
-172 0
-171 0
-170 0
-169 0
-168 0
-167 0
-166 0
-165 0
-164 0
-163 0
-162 0
-161 0
-160 0
-159 0
-158 0
-157 0
-156 0
-155 0
-154 0
-153 0
-152 0
-151 0
-150 0
-149 0
-148 0
-147 0
-146 0
-145 0
-144 0
-143 0
-142 0
-141 0
-140 0
-139 0
-138 0
-137 0
-136 0
-135 0
-134 0
-133 0
-132 0
-131 0
-130 0
-129 0
-128 0
-127 0
-126 0
-125 0
-124 0
-123 0
-122 0
-121 0
-120 0
-119 0
-118 0
-117 0
-116 0
-115 0
-114 0
-113 0
-112 0
-111 0
-110 0
-109 0
-108 0
-107 0
-106 0
-105 0
-104 0
-103 0
-102 0
-101 0
-100 0
-99 0
-98 0
-97 0
-96 0
-95 0
-94 0
-93 0
-92 0
-91 0
-90 0
-89 0
-88 0
-87 0
-86 0
-85 0
-84 0
-83 0
-82 0
-81 0
-80 0
-79 0
-78 0
-77 0
-76 0
-75 0
-74 0
-73 0
-72 0
-71 0
-70 0
-69 0
-68 0
-67 0
-66 0
-65 0
-64 0
-63 0
-62 0
-61 0
-60 0
-59 0
-58 0
-57 0
-56 0
-55 0
-54 0
-53 0
-52 0
-51 0
-50 0
-49 0
-48 0
-47 0
-46 0
-45 0
-44 0
-43 0
-42 0
-41 0
-40 0
-39 0
-38 0
-37 0
-36 0
-35 0
-34 0
-33 0
-32 0
-31 0
-30 0
-29 0
-28 0
-27 0
-26 0
-25 0
-24 0
-23 0
-22 0
-21 0
-20 0
-19 0
-18 0
-17 0
-16 0
-15 0
-14 0
-13 0
-12 0
-11 0
-10 0
-9 0
-8 0
-7 0
-6 0
-5 0
-4 0
-3 0
-2 0
-1 0
0 27
1 0
2 0
3 0
4 0
5 0
6 0
7 1
8 1
9 0
10 1
11 7
12 6
13 23
14 24
15 36
16 79
17 106
18 171
19 151
20 135
21 221
22 242
23 159
24 263
25 367
26 296
27 153
28 259
29 363
30 411
31 285
32 506
33 845
34 664
35 499
36 1197
37 1280
38 499
39 860
40 1349
41 999
42 851
43 753
44 1275
45 710
46 872
47 1244
48 1695
49 1016
50 1070
51 1780
52 1852
53 1337
54 1017
55 1733
56 2089
57 589
58 1688
59 2590
60 2481
61 1258
62 2257
63 3281
64 2070
65 1870
66 3159
67 4341
68 2560
69 3014
70 5631
71 7887
72 4397
73 6151
74 16193
75 20456
76 18360
77 24307
78 43258
79 33226
80 8385
81 26738
82 18875
83 6877
84 7613
85 8390
86 7510
87 2815
88 3554
89 4761
90 4480
91 1563
92 2408
93 3504
94 2846
95 1213
96 2220
97 2675
98 2918
99 4020
100 2707
101 2459
102 1064
103 978
104 1233
105 1340
106 593
107 596
108 954
109 864
110 301
111 542
112 702
113 511
114 256
115 359
116 497
117 270
118 169
119 307
120 298
121 167
122 141
123 248
124 229
125 96
126 138
127 199
128 171
129 86
130 102
131 183
132 113
133 63
134 110
135 119
136 71
137 69
138 115
139 127
140 58
141 67
142 103
143 94
144 52
145 55
146 78
147 77
148 42
149 64
150 93
151 71
152 41
153 80
154 107
155 55
156 37
157 68
158 103
159 61
160 58
161 92
162 104
163 38
164 69
165 97
166 87
167 31
168 79
169 81
170 67
171 30
172 71
173 90
174 72
175 35
176 86
177 95
178 56
179 53
180 77
181 92
182 19
183 82
184 82
185 68
186 20
187 82
188 91
189 69
190 29
191 73
192 106
193 34
194 47
195 72
196 73
197 30
198 50
199 66
200 69
201 12
202 71
203 66
204 41
205 22
206 69
207 57
208 48
209 32
210 55
211 62
212 25
213 43
214 60
215 55
216 17
217 30
218 49
219 54
220 11
221 47
222 43
223 40
224 15
225 39
226 38
227 25
228 28
229 39
230 50
231 16
232 31
233 43
234 36
235 23
236 39
237 56
238 56
239 30
240 52
241 64
242 42
243 15
244 64
245 49
246 20
247 27
248 39
249 54
250 53
251 30
252 8
253 3
254 1
255 0
