-255 0
-254 0
-253 0
-252 0
-251 0
-250 0
-249 0
-248 0
-247 0
-246 0
-245 1
-244 0
-243 0
-242 0
-241 0
-240 0
-239 0
-238 0
-237 0
-236 0
-235 0
-234 0
-233 0
-232 0
-231 0
-230 0
-229 0
-228 0
-227 0
-226 0
-225 1
-224 1
-223 0
-222 1
-221 0
-220 0
-219 0
-218 0
-217 1
-216 0
-215 0
-214 0
-213 1
-212 1
-211 0
-210 0
-209 1
-208 0
-207 0
-206 0
-205 1
-204 1
-203 2
-202 1
-201 0
-200 1
-199 0
-198 0
-197 0
-196 0
-195 1
-194 2
-193 2
-192 1
-191 2
-190 1
-189 0
-188 0
-187 0
-186 0
-185 1
-184 1
-183 1
-182 1
-181 0
-180 2
-179 3
-178 0
-177 0
-176 1
-175 1
-174 0
-173 2
-172 0
-171 0
-170 1
-169 0
-168 3
-167 0
-166 2
-165 1
-164 2
-163 2
-162 2
-161 1
-160 2
-159 1
-158 3
-157 2
-156 1
-155 2
-154 0
-153 2
-152 2
-151 2
-150 3
-149 1
-148 2
-147 1
-146 0
-145 2
-144 1
-143 1
-142 1
-141 1
-140 2
-139 1
-138 1
-137 4
-136 2
-135 4
-134 3
-133 0
-132 1
-131 3
-130 2
-129 1
-128 4
-127 1
-126 2
-125 0
-124 3
-123 3
-122 4
-121 3
-120 5
-119 4
-118 4
-117 3
-116 1
-115 4
-114 4
-113 4
-112 7
-111 3
-110 2
-109 8
-108 8
-107 9
-106 8
-105 6
-104 5
-103 13
-102 8
-101 8
-100 8
-99 7
-98 7
-97 12
-96 14
-95 7
-94 12
-93 8
-92 15
-91 14
-90 14
-89 12
-88 12
-87 15
-86 8
-85 14
-84 18
-83 14
-82 13
-81 27
-80 16
-79 25
-78 16
-77 25
-76 21
-75 29
-74 27
-73 43
-72 26
-71 27
-70 30
-69 43
-68 25
-67 38
-66 39
-65 44
-64 37
-63 42
-62 52
-61 38
-60 57
-59 65
-58 67
-57 49
-56 58
-55 76
-54 73
-53 73
-52 106
-51 91
-50 105
-49 94
-48 109
-47 136
-46 133
-45 126
-44 177
-43 150
-42 195
-41 236
-40 201
-39 229
-38 267
-37 302
-36 289
-35 349
-34 432
-33 441
-32 568
-31 534
-30 536
-29 544
-28 523
-27 629
-26 618
-25 704
-24 806
-23 920
-22 1046
-21 1042
-20 1142
-19 1304
-18 1504
-17 1648
-16 1885
-15 2011
-14 2210
-13 2356
-12 2720
-11 3353
-10 3587
-9 4311
-8 5343
-7 6662
-6 8532
-5 10895
-4 15483
-3 21836
-2 27833
-1 33662
0 43061
1 33450
2 26822
3 21079
4 15180
5 11614
6 9104
7 7379
8 5956
9 4878
10 4198
11 3823
12 3272
13 2716
14 2433
15 2208
16 1916
17 1738
18 1514
19 1464
20 1245
21 1145
22 1100
23 935
24 906
25 824
26 751
27 620
28 598
29 511
30 474
31 416
32 396
33 339
34 332
35 332
36 267
37 272
38 251
39 191
40 166
41 195
42 160
43 146
44 151
45 123
46 109
47 106
48 96
49 85
50 92
51 79
52 82
53 65
54 69
55 68
56 58
57 50
58 45
59 47
60 51
61 48
62 40
63 46
64 34
65 33
66 30
67 37
68 21
69 28
70 15
71 12
72 20
73 16
74 23
75 16
76 20
77 22
78 24
79 21
80 21
81 13
82 16
83 10
84 17
85 7
86 12
87 10
88 14
89 6
90 9
91 11
92 8
93 6
94 9
95 11
96 10
97 17
98 11
99 26
100 632
101 101
102 6
103 29
104 4
105 3
106 8
107 5
108 5
109 4
110 2
111 3
112 3
113 6
114 3
115 4
116 3
117 1
118 3
119 5
120 1
121 2
122 0
123 0
124 1
125 1
126 0
127 1
128 0
129 4
130 2
131 1
132 0
133 3
134 0
135 2
136 1
137 1
138 0
139 2
140 1
141 0
142 2
143 2
144 0
145 0
146 0
147 0
148 1
149 0
150 1
151 0
152 0
153 0
154 0
155 0
156 1
157 2
158 0
159 1
160 0
161 0
162 1
163 0
164 0
165 0
166 0
167 0
168 0
169 0
170 0
171 0
172 0
173 1
174 1
175 0
176 0
177 0
178 0
179 0
180 0
181 0
182 0
183 1
184 0
185 0
186 0
187 0
188 0
189 1
190 0
191 0
192 0
193 0
194 0
195 0
196 0
197 0
198 1
199 0
200 0
201 0
202 0
203 0
204 0
205 0
206 0
207 0
208 0
209 0
210 0
211 0
212 0
213 0
214 0
215 0
216 0
217 0
218 0
219 0
220 0
221 0
222 0
223 0
224 0
225 0
226 0
227 0
228 0
229 0
230 0
231 0
232 0
233 0
234 0
235 0
236 0
237 0
238 0
239 0
240 0
241 0
242 0
243 0
244 0
245 0
246 0
247 0
248 0
249 0
250 0
251 0
252 0
253 0
254 0
255 0
