-255 0
-254 0
-253 0
-252 0
-251 0
-250 0
-249 0
-248 0
-247 0
-246 0
-245 0
-244 0
-243 0
-242 0
-241 0
-240 0
-239 0
-238 0
-237 0
-236 0
-235 0
-234 0
-233 0
-232 0
-231 0
-230 0
-229 0
-228 0
-227 0
-226 0
-225 0
-224 0
-223 0
-222 0
-221 0
-220 0
-219 0
-218 0
-217 0
-216 0
-215 0
-214 0
-213 0
-212 0
-211 0
-210 0
-209 0
-208 0
-207 0
-206 0
-205 0
-204 0
-203 0
-202 0
-201 0
-200 0
-199 0
-198 0
-197 0
-196 0
-195 0
-194 0
-193 0
-192 0
-191 0
-190 0
-189 0
-188 0
-187 1
-186 1
-185 0
-184 0
-183 1
-182 0
-181 1
-180 2
-179 1
-178 0
-177 2
-176 1
-175 0
-174 0
-173 0
-172 1
-171 0
-170 0
-169 2
-168 0
-167 2
-166 2
-165 0
-164 0
-163 0
-162 1
-161 0
-160 2
-159 1
-158 0
-157 2
-156 1
-155 3
-154 1
-153 1
-152 1
-151 1
-150 2
-149 0
-148 1
-147 3
-146 0
-145 0
-144 2
-143 2
-142 1
-141 1
-140 0
-139 1
-138 1
-137 2
-136 1
-135 1
-134 0
-133 2
-132 0
-131 0
-130 2
-129 3
-128 4
-127 0
-126 2
-125 2
-124 0
-123 0
-122 1
-121 0
-120 1
-119 1
-118 2
-117 1
-116 1
-115 2
-114 4
-113 0
-112 1
-111 1
-110 3
-109 4
-108 2
-107 1
-106 1
-105 1
-104 2
-103 0
-102 2
-101 1
-100 2
-99 3
-98 4
-97 2
-96 2
-95 5
-94 3
-93 3
-92 5
-91 3
-90 5
-89 5
-88 4
-87 2
-86 3
-85 2
-84 2
-83 2
-82 2
-81 6
-80 5
-79 4
-78 9
-77 11
-76 10
-75 8
-74 14
-73 19
-72 15
-71 15
-70 10
-69 16
-68 14
-67 16
-66 23
-65 22
-64 24
-63 30
-62 27
-61 35
-60 32
-59 37
-58 39
-57 46
-56 45
-55 34
-54 55
-53 61
-52 58
-51 53
-50 63
-49 84
-48 69
-47 84
-46 108
-45 102
-44 89
-43 107
-42 134
-41 137
-40 135
-39 151
-38 166
-37 155
-36 170
-35 188
-34 240
-33 232
-32 228
-31 316
-30 335
-29 314
-28 348
-27 450
-26 497
-25 492
-24 424
-23 646
-22 774
-21 772
-20 812
-19 1157
-18 1076
-17 1027
-16 1294
-15 1572
-14 1569
-13 1679
-12 2213
-11 2760
-10 2890
-9 3299
-8 4602
-7 6110
-6 6934
-5 9004
-4 15702
-3 24138
-2 29428
-1 36953
0 65895
1 35815
2 28405
3 22801
4 15097
5 9132
6 7287
7 6586
8 5043
9 3543
10 3132
11 2967
12 2428
13 1887
14 1711
15 1779
16 1340
17 1092
18 1142
19 1163
20 851
21 751
22 757
23 696
24 536
25 526
26 560
27 468
28 378
29 385
30 367
31 353
32 261
33 240
34 242
35 175
36 178
37 156
38 169
39 136
40 115
41 138
42 120
43 94
44 80
45 91
46 77
47 66
48 51
49 77
50 57
51 62
52 46
53 41
54 35
55 44
56 23
57 29
58 21
59 17
60 28
61 20
62 17
63 10
64 20
65 16
66 9
67 7
68 16
69 13
70 10
71 3
72 8
73 5
74 5
75 0
76 9
77 6
78 5
79 2
80 5
81 4
82 1
83 3
84 1
85 3
86 2
87 5
88 2
89 1
90 2
91 3
92 0
93 1
94 1
95 2
96 1
97 8
98 2
99 21
100 720
101 1
102 1
103 23
104 3
105 1
106 1
107 1
108 0
109 0
110 0
111 3
112 0
113 1
114 2
115 0
116 0
117 1
118 0
119 0
120 1
121 0
122 0
123 1
124 2
125 0
126 2
127 0
128 1
129 0
130 1
131 0
132 0
133 0
134 0
135 0
136 0
137 0
138 0
139 0
140 1
141 0
142 0
143 0
144 0
145 0
146 1
147 0
148 0
149 0
150 0
151 0
152 0
153 0
154 0
155 0
156 0
157 0
158 0
159 0
160 0
161 1
162 0
163 0
164 0
165 0
166 0
167 0
168 0
169 0
170 0
171 0
172 0
173 0
174 0
175 0
176 0
177 0
178 0
179 0
180 0
181 0
182 0
183 0
184 0
185 0
186 0
187 0
188 0
189 0
190 0
191 0
192 0
193 0
194 0
195 0
196 0
197 0
198 0
199 0
200 0
201 0
202 0
203 0
204 0
205 0
206 0
207 0
208 0
209 0
210 0
211 0
212 0
213 0
214 0
215 0
216 0
217 0
218 0
219 0
220 0
221 0
222 0
223 0
224 0
225 0
226 0
227 0
228 0
229 0
230 0
231 0
232 0
233 0
234 0
235 0
236 0
237 0
238 0
239 0
240 0
241 0
242 0
243 0
244 0
245 0
246 0
247 0
248 0
249 0
250 0
251 0
252 0
253 0
254 0
255 0
